id,debt_ratio,exchanges,bytes_sent,bytes_received
bJXM3X,0.000000,0,0,0
WPRpAM,0.000000,39,0,7425154
bJXM3X,0.000000,81,0,18435790
WPRpAM,0.000000,121,0,28922110
bJXM3X,0.000000,166,0,40719220
WPRpAM,0.000000,205,0,50943382
bJXM3X,0.000000,249,0,62478334
WPRpAM,0.000000,294,0,74275444
bJXM3X,0.000000,325,0,82402342
WPRpAM,0.000000,369,0,93937294
bJXM3X,0.000000,409,0,104423614
WPRpAM,0.000000,443,0,113336986
bJXM3X,0.000000,479,0,122774674
WPRpAM,0.000000,479,0,122774674
bJXM3X,0.000000,479,0,122774674
WPRpAM,0.000000,489,0,125396254
bJXM3X,0.000000,489,0,125396254
WPRpAM,0.000000,489,0,125396254
bJXM3X,0.000000,489,0,125396254
WPRpAM,0.000000,489,0,125396254
bJXM3X,0.000000,489,0,125396254
WPRpAM,0.000000,489,0,125396254
bJXM3X,0.000000,489,0,125396254
WPRpAM,0.000000,489,0,125396254
bJXM3X,0.000000,489,0,125396254
WPRpAM,0.000000,489,0,125396254
bJXM3X,0.000000,489,0,125396254
WPRpAM,0.000000,489,0,125396254
bJXM3X,0.000000,489,0,125396254
WPRpAM,0.000000,489,0,125396254
bJXM3X,0.000000,519,0,133260994
WPRpAM,0.000000,555,0,142698682
bJXM3X,0.000000,597,0,153709318
WPRpAM,0.000000,643,0,165768586
bJXM3X,0.000000,684,0,176517064
WPRpAM,0.000000,733,0,189362806
bJXM3X,0.000000,777,0,200897758
WPRpAM,0.000000,817,0,211384078
bJXM3X,0.000000,860,0,222656872
WPRpAM,0.000000,902,0,233667508
bJXM3X,0.000000,941,0,243891670
WPRpAM,0.000000,996,0,258310360
bJXM3X,0.000000,1041,0,270107470
WPRpAM,0.000000,1085,0,281642422
bJXM3X,0.000000,1133,0,294226006
WPRpAM,0.000000,1175,0,305236642
bJXM3X,0.000000,1219,0,316771594
WPRpAM,0.000000,1259,0,327257914
bJXM3X,0.000000,1309,0,340365814
WPRpAM,0.000000,1343,0,349279186
bJXM3X,0.000000,1389,0,361338454
WPRpAM,0.000000,1443,0,375494986
bJXM3X,0.000000,1490,0,387816412
WPRpAM,0.000000,1526,0,397254100
bJXM3X,0.000000,1563,0,406953946
WPRpAM,0.000000,1607,0,418488898
bJXM3X,0.000000,1642,0,427664428
WPRpAM,0.000000,1687,0,439461538
bJXM3X,0.000000,1737,0,452569438
WPRpAM,0.000000,1791,0,464188010
bJXM3X,0.000000,1831,0,474674330
WPRpAM,0.000000,1871,0,485160650
bJXM3X,0.000000,1914,0,496433444
WPRpAM,0.000000,1956,0,507444080
bJXM3X,0.000000,1995,0,517668242
WPRpAM,0.000000,2035,0,528154562
bJXM3X,0.000000,2075,0,538640882
WPRpAM,0.000000,2120,0,550437992
bJXM3X,0.000000,2169,0,563283734
WPRpAM,0.000000,2219,0,576391634
bJXM3X,0.000000,2269,0,589499534
WPRpAM,0.000000,2313,0,601034486
bJXM3X,0.000000,2363,0,614142386
WPRpAM,0.000000,2405,0,625153022
bJXM3X,0.000000,2444,0,635377184
WPRpAM,0.000000,2487,0,646649978
bJXM3X,0.000000,2527,0,657136298
WPRpAM,0.000000,2567,0,667622618
bJXM3X,0.000000,2611,0,679157570
WPRpAM,0.000000,2656,0,690954680
bJXM3X,0.000000,2701,0,702751790
WPRpAM,0.000000,2741,0,713238110
bJXM3X,0.000000,2781,0,723724430
WPRpAM,0.000000,2825,0,735259382
bJXM3X,0.000000,2857,0,743648438
WPRpAM,0.000000,2895,0,753610442
bJXM3X,0.000000,2935,0,764096762
WPRpAM,0.000000,2979,0,775631714
bJXM3X,0.000000,3019,0,786118034
WPRpAM,0.000000,3059,0,796604354
bJXM3X,0.000000,3099,0,807090674
WPRpAM,0.000000,3134,0,816266204
bJXM3X,0.000000,3173,0,826490366
WPRpAM,0.000000,3213,0,836976686
bJXM3X,0.000000,3244,0,845103584
WPRpAM,0.000000,3293,0,857949326
bJXM3X,0.000000,3345,0,871581542
WPRpAM,0.000000,3384,0,881805704
bJXM3X,0.000000,3426,0,892816340
WPRpAM,0.000000,3468,0,903826976
bJXM3X,0.000000,3513,0,915115870
WPRpAM,0.000000,3553,0,925602190
bJXM3X,0.000000,3603,0,938710090
WPRpAM,0.000000,3635,0,947099146
bJXM3X,0.000000,3687,0,960731362
WPRpAM,0.000000,3727,0,971217682
bJXM3X,0.000000,3772,0,983014792
WPRpAM,0.000000,3812,0,993501112
bJXM3X,0.000000,3838,0,1000237860
WPRpAM,0.000000,3838,0,1000237860
