id,debt_ratio,exchanges,bytes_sent,bytes_received
WUrEKs,0.000000,17,0,1657678
ahQ72K,0.000000,0,0,0
WUrEKs,0.000000,111,0,26300530
ahQ72K,0.000000,0,0,0
WUrEKs,0.000000,205,0,50943382
ahQ72K,0.000000,0,0,0
WUrEKs,0.000000,295,0,74537602
ahQ72K,0.000000,0,0,0
WUrEKs,0.000000,389,0,99180454
ahQ72K,0.000000,0,0,0
WUrEKs,0.000000,489,0,125396254
ahQ72K,0.000000,0,0,0
WUrEKs,0.000000,573,0,147417526
ahQ72K,0.000000,0,0,0
WUrEKs,0.000000,662,0,170749588
ahQ72K,0.000000,0,0,0
WUrEKs,0.000000,747,0,193033018
ahQ72K,0.000000,0,0,0
WUrEKs,0.000000,847,0,219248818
ahQ72K,0.000000,0,0,0
WUrEKs,0.000000,935,0,242318722
ahQ72K,0.000000,0,0,0
WUrEKs,0.000000,1018,0,264077836
ahQ72K,0.000000,0,0,0
WUrEKs,0.000000,1115,0,289507162
ahQ72K,0.000000,0,0,0
WUrEKs,0.000000,1206,0,313363540
ahQ72K,0.000000,0,0,0
WUrEKs,0.000000,1301,0,338268550
ahQ72K,0.000000,0,0,0
WUrEKs,0.000000,1393,0,362387086
ahQ72K,0.000000,0,0,0
WUrEKs,0.000000,1489,0,387554254
ahQ72K,0.000000,0,0,0
WUrEKs,0.000000,1587,0,413245738
ahQ72K,0.000000,0,0,0
WUrEKs,0.000000,1677,0,436839958
ahQ72K,0.000000,0,0,0
WUrEKs,0.000000,1781,0,461566430
ahQ72K,0.000000,0,0,0
WUrEKs,0.000000,1881,0,487782230
ahQ72K,0.000000,0,0,0
WUrEKs,0.000000,1911,0,495646970
ahQ72K,0.000000,0,0,0
WUrEKs,0.000000,1911,0,495646970
ahQ72K,0.000000,0,0,0
WUrEKs,0.000000,1911,0,495646970
ahQ72K,0.000000,0,0,0
WUrEKs,0.000000,1911,0,495646970
ahQ72K,0.000000,0,0,0
WUrEKs,0.000000,1911,0,495646970
ahQ72K,0.000000,0,0,0
WUrEKs,0.000000,1921,0,498268550
ahQ72K,0.000000,0,0,0
WUrEKs,0.000000,1921,0,498268550
ahQ72K,0.000000,0,0,0
WUrEKs,0.000000,1921,0,498268550
ahQ72K,0.000000,0,0,0
WUrEKs,0.000000,1921,0,498268550
ahQ72K,0.000000,0,0,0
WUrEKs,0.000000,1921,0,498268550
ahQ72K,0.000000,0,0,0
WUrEKs,0.000000,1921,0,498268550
ahQ72K,0.000000,0,0,0
WUrEKs,0.000000,1921,0,498268550
ahQ72K,0.000000,0,0,0
WUrEKs,0.000000,1921,0,498268550
ahQ72K,0.000000,0,0,0
WUrEKs,0.000000,1921,0,498268550
ahQ72K,0.000000,0,0,0
WUrEKs,0.000000,1931,0,500890130
ahQ72K,0.000000,0,0,0
WUrEKs,0.000000,1931,0,500890130
ahQ72K,0.000000,0,0,0
WUrEKs,0.000000,1931,0,500890130
ahQ72K,0.000000,0,0,0
WUrEKs,0.000000,1931,0,500890130
ahQ72K,0.000000,0,0,0
WUrEKs,0.000000,1931,0,500890130
ahQ72K,0.000000,0,0,0
WUrEKs,0.000000,1931,0,500890130
ahQ72K,0.000000,0,0,0
WUrEKs,0.000000,1931,0,500890130
ahQ72K,0.000000,0,0,0
WUrEKs,0.000000,1931,0,500890130
ahQ72K,0.000000,0,0,0
WUrEKs,0.000000,1931,0,500890130
ahQ72K,0.000000,0,0,0
WUrEKs,0.000000,1931,0,500890130
ahQ72K,0.000000,0,0,0
WUrEKs,0.000000,1931,0,500890130
ahQ72K,0.000000,0,0,0
WUrEKs,0.000000,1931,0,500890130
ahQ72K,0.000000,0,0,0
WUrEKs,0.000000,1969,0,510852134
ahQ72K,0.000000,0,0,0
WUrEKs,0.000000,2075,0,538640882
ahQ72K,0.000000,0,0,0
WUrEKs,0.000000,2159,0,560662154
ahQ72K,0.000000,0,0,0
WUrEKs,0.000000,2259,0,586877954
ahQ72K,0.000000,0,0,0
WUrEKs,0.000000,2344,0,609161384
ahQ72K,0.000000,0,0,0
WUrEKs,0.000000,2449,0,636687974
ahQ72K,0.000000,0,0,0
WUrEKs,0.000000,2542,0,661068668
ahQ72K,0.000000,0,0,0
WUrEKs,0.000000,2639,0,686497994
ahQ72K,0.000000,0,0,0
WUrEKs,0.000000,2731,0,710616530
ahQ72K,0.000000,0,0,0
WUrEKs,0.000000,2825,0,735259382
ahQ72K,0.000000,0,0,0
WUrEKs,0.000000,2921,0,760426550
ahQ72K,0.000000,0,0,0
WUrEKs,0.000000,3009,0,783496454
ahQ72K,0.000000,0,0,0
WUrEKs,0.000000,3099,0,807090674
ahQ72K,0.000000,0,0,0
WUrEKs,0.000000,3197,0,832782158
ahQ72K,0.000000,0,0,0
WUrEKs,0.000000,3223,0,839598266
ahQ72K,0.000000,0,0,0
WUrEKs,0.000000,3223,0,839598266
ahQ72K,0.000000,0,0,0
WUrEKs,0.000000,3223,0,839598266
ahQ72K,0.000000,0,0,0
WUrEKs,0.000000,3283,0,855327746
ahQ72K,0.000000,0,0,0
WUrEKs,0.000000,3387,0,882592178
ahQ72K,0.000000,0,0,0
WUrEKs,0.000000,3487,0,908807978
ahQ72K,0.000000,0,0,0
WUrEKs,0.000000,3583,0,933466930
ahQ72K,0.000000,0,0,0
WUrEKs,0.000000,3687,0,960731362
ahQ72K,0.000000,0,0,0
WUrEKs,0.000000,3787,0,986947162
ahQ72K,0.000000,0,0,0
WUrEKs,0.000000,3838,0,1000237860
ahQ72K,0.000000,0,0,0
