id,debt_ratio,exchanges,bytes_sent,bytes_received
ZE9n1p,0.000000,0,0,0
PR1pdY,0.000000,0,0,0
ZE9n1p,0.000000,91,0,21057370
PR1pdY,0.000000,0,0,0
ZE9n1p,0.000000,185,0,45700222
PR1pdY,0.000000,0,0,0
ZE9n1p,0.000000,275,0,69294442
PR1pdY,0.000000,0,0,0
ZE9n1p,0.000000,369,0,93937294
PR1pdY,0.000000,0,0,0
ZE9n1p,0.000000,464,0,118842304
PR1pdY,0.000000,0,0,0
ZE9n1p,0.000000,553,0,142174366
PR1pdY,0.000000,0,0,0
ZE9n1p,0.000000,644,0,166030744
PR1pdY,0.000000,0,0,0
ZE9n1p,0.000000,743,0,191984386
PR1pdY,0.000000,0,0,0
ZE9n1p,0.000000,845,0,218724502
PR1pdY,0.000000,0,0,0
ZE9n1p,0.000000,931,0,241270090
PR1pdY,0.000000,0,0,0
ZE9n1p,0.000000,1031,0,267485890
PR1pdY,0.000000,0,0,0
ZE9n1p,0.000000,1125,0,292128742
PR1pdY,0.000000,0,0,0
ZE9n1p,0.000000,1208,0,313887856
PR1pdY,0.000000,0,0,0
ZE9n1p,0.000000,1299,0,337744234
PR1pdY,0.000000,0,0,0
ZE9n1p,0.000000,1392,0,362124928
PR1pdY,0.000000,0,0,0
ZE9n1p,0.000000,1490,0,387816412
PR1pdY,0.000000,0,0,0
ZE9n1p,0.000000,1577,0,410624158
PR1pdY,0.000000,0,0,0
ZE9n1p,0.000000,1677,0,436839958
PR1pdY,0.000000,0,0,0
ZE9n1p,0.000000,1773,0,459469166
PR1pdY,0.000000,0,0,0
ZE9n1p,0.000000,1877,0,486733598
PR1pdY,0.000000,0,0,0
ZE9n1p,0.000000,1975,0,512425082
PR1pdY,0.000000,0,0,0
ZE9n1p,0.000000,2067,0,536543618
PR1pdY,0.000000,0,0,0
ZE9n1p,0.000000,2169,0,563283734
PR1pdY,0.000000,0,0,0
ZE9n1p,0.000000,2259,0,586877954
PR1pdY,0.000000,0,0,0
ZE9n1p,0.000000,2352,0,611258648
PR1pdY,0.000000,0,0,0
ZE9n1p,0.000000,2447,0,636163658
PR1pdY,0.000000,0,0,0
ZE9n1p,0.000000,2539,0,660282194
PR1pdY,0.000000,0,0,0
ZE9n1p,0.000000,2631,0,684400730
PR1pdY,0.000000,0,0,0
ZE9n1p,0.000000,2725,0,709043582
PR1pdY,0.000000,0,0,0
ZE9n1p,0.000000,2822,0,734472908
PR1pdY,0.000000,0,0,0
ZE9n1p,0.000000,2916,0,759115760
PR1pdY,0.000000,0,0,0
ZE9n1p,0.000000,3010,0,783758612
PR1pdY,0.000000,0,0,0
ZE9n1p,0.000000,3109,0,809712254
PR1pdY,0.000000,0,0,0
ZE9n1p,0.000000,3211,0,836452370
PR1pdY,0.000000,0,0,0
ZE9n1p,0.000000,3305,0,861095222
PR1pdY,0.000000,0,0,0
ZE9n1p,0.000000,3397,0,885213758
PR1pdY,0.000000,0,0,0
ZE9n1p,0.000000,3487,0,908807978
PR1pdY,0.000000,0,0,0
ZE9n1p,0.000000,3573,0,930845350
PR1pdY,0.000000,0,0,0
ZE9n1p,0.000000,3573,0,930845350
PR1pdY,0.000000,0,0,0
ZE9n1p,0.000000,3573,0,930845350
PR1pdY,0.000000,0,0,0
ZE9n1p,0.000000,3573,0,930845350
PR1pdY,0.000000,0,0,0
ZE9n1p,0.000000,3583,0,933466930
PR1pdY,0.000000,0,0,0
ZE9n1p,0.000000,3583,0,933466930
PR1pdY,0.000000,0,0,0
ZE9n1p,0.000000,3583,0,933466930
PR1pdY,0.000000,0,0,0
ZE9n1p,0.000000,3583,0,933466930
PR1pdY,0.000000,0,0,0
ZE9n1p,0.000000,3583,0,933466930
PR1pdY,0.000000,0,0,0
ZE9n1p,0.000000,3583,0,933466930
PR1pdY,0.000000,0,0,0
ZE9n1p,0.000000,3583,0,933466930
PR1pdY,0.000000,0,0,0
ZE9n1p,0.000000,3583,0,933466930
PR1pdY,0.000000,0,0,0
ZE9n1p,0.000000,3583,0,933466930
PR1pdY,0.000000,0,0,0
ZE9n1p,0.000000,3583,0,933466930
PR1pdY,0.000000,0,0,0
ZE9n1p,0.000000,3583,0,933466930
PR1pdY,0.000000,0,0,0
ZE9n1p,0.000000,3583,0,933466930
PR1pdY,0.000000,0,0,0
ZE9n1p,0.000000,3583,0,933466930
PR1pdY,0.000000,0,0,0
ZE9n1p,0.000000,3633,0,946574830
PR1pdY,0.000000,0,0,0
ZE9n1p,0.000000,3735,0,973314946
PR1pdY,0.000000,0,0,0
ZE9n1p,0.000000,3832,0,998744272
PR1pdY,0.000000,0,0,0
