id,debt_ratio,exchanges,bytes_sent,bytes_received
ZE9n1p,0.000000,0,0,0
WB3U78,0.000000,34,0,6114364
ZE9n1p,0.000000,74,0,16600684
WB3U78,0.000000,120,0,28659952
ZE9n1p,0.000000,121,0,28922110
WB3U78,0.000000,151,0,36786850
ZE9n1p,0.000000,187,0,46224538
WB3U78,0.000000,234,0,58545964
ZE9n1p,0.000000,275,0,69294442
WB3U78,0.000000,324,0,82140184
ZE9n1p,0.000000,359,0,91315714
WB3U78,0.000000,400,0,102064192
ZE9n1p,0.000000,447,0,114385618
WB3U78,0.000000,489,0,125396254
ZE9n1p,0.000000,529,0,135882574
WB3U78,0.000000,573,0,147417526
ZE9n1p,0.000000,612,0,157641688
WB3U78,0.000000,653,0,168390166
ZE9n1p,0.000000,693,0,178876486
WB3U78,0.000000,737,0,190411438
ZE9n1p,0.000000,761,0,196703230
WB3U78,0.000000,807,0,208762498
ZE9n1p,0.000000,848,0,219510976
WB3U78,0.000000,881,0,228162190
ZE9n1p,0.000000,923,0,239172826
WB3U78,0.000000,971,0,251756410
ZE9n1p,0.000000,1001,0,259621150
WB3U78,0.000000,1055,0,273777682
ZE9n1p,0.000000,1092,0,283477528
WB3U78,0.000000,1125,0,292128742
ZE9n1p,0.000000,1165,0,302615062
WB3U78,0.000000,1207,0,313625698
ZE9n1p,0.000000,1249,0,324636334
WB3U78,0.000000,1287,0,334598338
ZE9n1p,0.000000,1319,0,342987394
WB3U78,0.000000,1369,0,356095294
ZE9n1p,0.000000,1405,0,365532982
WB3U78,0.000000,1453,0,378116566
ZE9n1p,0.000000,1493,0,388602886
WB3U78,0.000000,1533,0,399089206
ZE9n1p,0.000000,1567,0,408002578
WB3U78,0.000000,1617,0,421110478
ZE9n1p,0.000000,1657,0,431596798
WB3U78,0.000000,1698,0,442345276
ZE9n1p,0.000000,1743,0,454142386
WB3U78,0.000000,1791,0,464188010
ZE9n1p,0.000000,1826,0,473363540
WB3U78,0.000000,1861,0,482539070
ZE9n1p,0.000000,1911,0,495646970
WB3U78,0.000000,1947,0,505084658
ZE9n1p,0.000000,1985,0,515046662
WB3U78,0.000000,2035,0,528154562
ZE9n1p,0.000000,2075,0,538640882
WB3U78,0.000000,2119,0,550175834
ZE9n1p,0.000000,2159,0,560662154
WB3U78,0.000000,2209,0,573770054
ZE9n1p,0.000000,2249,0,584256374
WB3U78,0.000000,2293,0,595791326
ZE9n1p,0.000000,2329,0,605229014
WB3U78,0.000000,2373,0,616763966
ZE9n1p,0.000000,2415,0,627774602
WB3U78,0.000000,2457,0,638785238
ZE9n1p,0.000000,2487,0,646649978
WB3U78,0.000000,2487,0,646649978
ZE9n1p,0.000000,2487,0,646649978
WB3U78,0.000000,2487,0,646649978
ZE9n1p,0.000000,2487,0,646649978
WB3U78,0.000000,2487,0,646649978
ZE9n1p,0.000000,2487,0,646649978
WB3U78,0.000000,2487,0,646649978
ZE9n1p,0.000000,2487,0,646649978
WB3U78,0.000000,2487,0,646649978
ZE9n1p,0.000000,2487,0,646649978
WB3U78,0.000000,2487,0,646649978
ZE9n1p,0.000000,2487,0,646649978
WB3U78,0.000000,2487,0,646649978
ZE9n1p,0.000000,2487,0,646649978
WB3U78,0.000000,2487,0,646649978
ZE9n1p,0.000000,2487,0,646649978
WB3U78,0.000000,2487,0,646649978
ZE9n1p,0.000000,2487,0,646649978
WB3U78,0.000000,2487,0,646649978
ZE9n1p,0.000000,2487,0,646649978
WB3U78,0.000000,2487,0,646649978
ZE9n1p,0.000000,2487,0,646649978
WB3U78,0.000000,2487,0,646649978
ZE9n1p,0.000000,2487,0,646649978
WB3U78,0.000000,2498,0,649533716
ZE9n1p,0.000000,2517,0,654514718
WB3U78,0.000000,2517,0,654514718
ZE9n1p,0.000000,2517,0,654514718
WB3U78,0.000000,2517,0,654514718
ZE9n1p,0.000000,2517,0,654514718
WB3U78,0.000000,2517,0,654514718
ZE9n1p,0.000000,2517,0,654514718
WB3U78,0.000000,2517,0,654514718
ZE9n1p,0.000000,2517,0,654514718
WB3U78,0.000000,2517,0,654514718
ZE9n1p,0.000000,2517,0,654514718
WB3U78,0.000000,2517,0,654514718
ZE9n1p,0.000000,2517,0,654514718
WB3U78,0.000000,2517,0,654514718
ZE9n1p,0.000000,2517,0,654514718
WB3U78,0.000000,2517,0,654514718
ZE9n1p,0.000000,2517,0,654514718
WB3U78,0.000000,2517,0,654514718
ZE9n1p,0.000000,2517,0,654514718
WB3U78,0.000000,2517,0,654514718
ZE9n1p,0.000000,2517,0,654514718
WB3U78,0.000000,2517,0,654514718
ZE9n1p,0.000000,2517,0,654514718
WB3U78,0.000000,2517,0,654514718
ZE9n1p,0.000000,2517,0,654514718
WB3U78,0.000000,2527,0,657136298
ZE9n1p,0.000000,2570,0,668409092
WB3U78,0.000000,2618,0,680992676
ZE9n1p,0.000000,2671,0,694887050
WB3U78,0.000000,2709,0,704849054
ZE9n1p,0.000000,2743,0,713762426
WB3U78,0.000000,2789,0,725821694
ZE9n1p,0.000000,2834,0,737618804
WB3U78,0.000000,2885,0,750988862
ZE9n1p,0.000000,2921,0,760426550
WB3U78,0.000000,2959,0,770388554
ZE9n1p,0.000000,3009,0,783496454
WB3U78,0.000000,3049,0,793982774
ZE9n1p,0.000000,3085,0,803420462
WB3U78,0.000000,3129,0,814955414
ZE9n1p,0.000000,3173,0,826490366
WB3U78,0.000000,3213,0,836976686
ZE9n1p,0.000000,3253,0,847463006
WB3U78,0.000000,3289,0,856900694
ZE9n1p,0.000000,3336,0,869222120
WB3U78,0.000000,3382,0,881281388
ZE9n1p,0.000000,3427,0,893078498
WB3U78,0.000000,3476,0,905924240
ZE9n1p,0.000000,3513,0,915115870
WB3U78,0.000000,3554,0,925864348
ZE9n1p,0.000000,3602,0,938447932
WB3U78,0.000000,3644,0,949458568
ZE9n1p,0.000000,3685,0,960207046
WB3U78,0.000000,3737,0,973839262
ZE9n1p,0.000000,3783,0,985898530
WB3U78,0.000000,3817,0,994811902
ZE9n1p,0.000000,3838,0,1000237860
WB3U78,0.000000,3838,0,1000237860
