id,debt_ratio,exchanges,bytes_sent,bytes_received
Tsyrty,0.000000,19,0,2181994
R1KJNF,0.000000,0,0,0
Tsyrty,0.000000,111,0,26300530
R1KJNF,0.000000,0,0,0
Tsyrty,0.000000,205,0,50943382
R1KJNF,0.000000,0,0,0
Tsyrty,0.000000,295,0,74537602
R1KJNF,0.000000,0,0,0
Tsyrty,0.000000,391,0,99704770
R1KJNF,0.000000,0,0,0
Tsyrty,0.000000,479,0,122774674
R1KJNF,0.000000,0,0,0
Tsyrty,0.000000,573,0,147417526
R1KJNF,0.000000,0,0,0
Tsyrty,0.000000,665,0,171536062
R1KJNF,0.000000,0,0,0
Tsyrty,0.000000,757,0,195654598
R1KJNF,0.000000,0,0,0
Tsyrty,0.000000,852,0,220559608
R1KJNF,0.000000,0,0,0
Tsyrty,0.000000,941,0,243891670
R1KJNF,0.000000,0,0,0
Tsyrty,0.000000,1041,0,270107470
R1KJNF,0.000000,0,0,0
Tsyrty,0.000000,1135,0,294750322
R1KJNF,0.000000,0,0,0
Tsyrty,0.000000,1229,0,319393174
R1KJNF,0.000000,0,0,0
Tsyrty,0.000000,1329,0,345608974
R1KJNF,0.000000,0,0,0
Tsyrty,0.000000,1423,0,370251826
R1KJNF,0.000000,0,0,0
Tsyrty,0.000000,1513,0,393846046
R1KJNF,0.000000,0,0,0
Tsyrty,0.000000,1610,0,419275372
R1KJNF,0.000000,0,0,0
Tsyrty,0.000000,1707,0,444704698
R1KJNF,0.000000,0,0,0
Tsyrty,0.000000,1806,0,468120380
R1KJNF,0.000000,0,0,0
Tsyrty,0.000000,1901,0,493025390
R1KJNF,0.000000,0,0,0
Tsyrty,0.000000,1995,0,517668242
R1KJNF,0.000000,0,0,0
Tsyrty,0.000000,2096,0,544146200
R1KJNF,0.000000,0,0,0
Tsyrty,0.000000,2189,0,568526894
R1KJNF,0.000000,0,0,0
Tsyrty,0.000000,2290,0,595004852
R1KJNF,0.000000,0,0,0
Tsyrty,0.000000,2383,0,619385546
R1KJNF,0.000000,0,0,0
Tsyrty,0.000000,2477,0,644028398
R1KJNF,0.000000,0,0,0
Tsyrty,0.000000,2577,0,670244198
R1KJNF,0.000000,0,0,0
Tsyrty,0.000000,2670,0,694624892
R1KJNF,0.000000,0,0,0
Tsyrty,0.000000,2771,0,721102850
R1KJNF,0.000000,0,0,0
Tsyrty,0.000000,3129,0,814955414
R1KJNF,0.000000,0,0,0
Tsyrty,0.000000,3216,0,837763160
R1KJNF,0.000000,0,0,0
Tsyrty,0.000000,3313,0,863192486
R1KJNF,0.000000,0,0,0
Tsyrty,0.000000,3392,0,883902968
R1KJNF,0.000000,0,0,0
Tsyrty,0.000000,3494,0,910643084
R1KJNF,0.000000,0,0,0
Tsyrty,0.000000,3563,0,928223770
R1KJNF,0.000000,0,0,0
Tsyrty,0.000000,3563,0,928223770
R1KJNF,0.000000,0,0,0
Tsyrty,0.000000,3563,0,928223770
R1KJNF,0.000000,0,0,0
Tsyrty,0.000000,3563,0,928223770
R1KJNF,0.000000,0,0,0
Tsyrty,0.000000,3563,0,928223770
R1KJNF,0.000000,0,0,0
Tsyrty,0.000000,3563,0,928223770
R1KJNF,0.000000,0,0,0
Tsyrty,0.000000,3563,0,928223770
R1KJNF,0.000000,0,0,0
Tsyrty,0.000000,3563,0,928223770
R1KJNF,0.000000,0,0,0
Tsyrty,0.000000,3563,0,928223770
R1KJNF,0.000000,0,0,0
Tsyrty,0.000000,3563,0,928223770
R1KJNF,0.000000,0,0,0
Tsyrty,0.000000,3563,0,928223770
R1KJNF,0.000000,0,0,0
Tsyrty,0.000000,3563,0,928223770
R1KJNF,0.000000,0,0,0
Tsyrty,0.000000,3563,0,928223770
R1KJNF,0.000000,0,0,0
Tsyrty,0.000000,3563,0,928223770
R1KJNF,0.000000,0,0,0
Tsyrty,0.000000,3563,0,928223770
R1KJNF,0.000000,0,0,0
Tsyrty,0.000000,3563,0,928223770
R1KJNF,0.000000,0,0,0
Tsyrty,0.000000,3563,0,928223770
R1KJNF,0.000000,0,0,0
Tsyrty,0.000000,3642,0,948934252
R1KJNF,0.000000,0,0,0
Tsyrty,0.000000,3736,0,973577104
R1KJNF,0.000000,0,0,0
Tsyrty,0.000000,3827,0,997433482
R1KJNF,0.000000,0,0,0
