id,debt_ratio,exchanges,bytes_sent,bytes_received
Q1wCYj,0.000000,0,0,0
UNk2YC,0.000000,41,0,7949470
Q1wCYj,0.000000,81,0,18435790
UNk2YC,0.000000,130,0,31281532
Q1wCYj,0.000000,171,0,42030010
UNk2YC,0.000000,215,0,53564962
Q1wCYj,0.000000,258,0,64837756
UNk2YC,0.000000,295,0,74537602
Q1wCYj,0.000000,335,0,85023922
UNk2YC,0.000000,379,0,96558874
Q1wCYj,0.000000,412,0,105210088
UNk2YC,0.000000,449,0,114909934
Q1wCYj,0.000000,498,0,127755676
UNk2YC,0.000000,533,0,136931206
Q1wCYj,0.000000,573,0,147417526
UNk2YC,0.000000,610,0,157117372
Q1wCYj,0.000000,646,0,166555060
UNk2YC,0.000000,686,0,177041380
Q1wCYj,0.000000,736,0,190149280
UNk2YC,0.000000,782,0,202208548
Q1wCYj,0.000000,827,0,214005658
UNk2YC,0.000000,862,0,223181188
Q1wCYj,0.000000,911,0,236026930
UNk2YC,0.000000,954,0,247299724
Q1wCYj,0.000000,1001,0,259621150
UNk2YC,0.000000,1044,0,270893944
Q1wCYj,0.000000,1091,0,283215370
UNk2YC,0.000000,1125,0,292128742
Q1wCYj,0.000000,1169,0,303663694
UNk2YC,0.000000,1208,0,313887856
Q1wCYj,0.000000,1259,0,327257914
UNk2YC,0.000000,1295,0,336695602
Q1wCYj,0.000000,1339,0,348230554
UNk2YC,0.000000,1379,0,358716874
Q1wCYj,0.000000,1423,0,370251826
UNk2YC,0.000000,1454,0,378378724
Q1wCYj,0.000000,1503,0,391224466
UNk2YC,0.000000,1543,0,401710786
Q1wCYj,0.000000,1587,0,413245738
UNk2YC,0.000000,1619,0,421634794
Q1wCYj,0.000000,1667,0,434218378
UNk2YC,0.000000,1717,0,447326278
Q1wCYj,0.000000,1756,0,456281460
UNk2YC,0.000000,1811,0,469431170
Q1wCYj,0.000000,1853,0,480441806
UNk2YC,0.000000,1891,0,490403810
Q1wCYj,0.000000,1932,0,501152288
UNk2YC,0.000000,1975,0,512425082
Q1wCYj,0.000000,2025,0,525532982
UNk2YC,0.000000,2074,0,538378724
Q1wCYj,0.000000,2109,0,547554254
UNk2YC,0.000000,2151,0,558564890
Q1wCYj,0.000000,2191,0,569051210
UNk2YC,0.000000,2229,0,579013214
Q1wCYj,0.000000,2270,0,589761692
UNk2YC,0.000000,2318,0,602345276
Q1wCYj,0.000000,2364,0,614404544
UNk2YC,0.000000,2413,0,627250286
Q1wCYj,0.000000,2457,0,638785238
UNk2YC,0.000000,2500,0,650058032
Q1wCYj,0.000000,2538,0,660020036
UNk2YC,0.000000,2587,0,672865778
Q1wCYj,0.000000,2606,0,677846780
UNk2YC,0.000000,2607,0,678108938
Q1wCYj,0.000000,2606,0,677846780
UNk2YC,0.000000,2607,0,678108938
Q1wCYj,0.000000,2606,0,677846780
UNk2YC,0.000000,2607,0,678108938
Q1wCYj,0.000000,2606,0,677846780
UNk2YC,0.000000,2607,0,678108938
Q1wCYj,0.000000,2606,0,677846780
UNk2YC,0.000000,2607,0,678108938
Q1wCYj,0.000000,2606,0,677846780
UNk2YC,0.000000,2607,0,678108938
Q1wCYj,0.000000,2606,0,677846780
UNk2YC,0.000000,2607,0,678108938
Q1wCYj,0.000000,2606,0,677846780
UNk2YC,0.000000,2607,0,678108938
Q1wCYj,0.000000,2606,0,677846780
UNk2YC,0.000000,2607,0,678108938
Q1wCYj,0.000000,2606,0,677846780
UNk2YC,0.000000,2607,0,678108938
Q1wCYj,0.000000,2606,0,677846780
UNk2YC,0.000000,2607,0,678108938
Q1wCYj,0.000000,2606,0,677846780
UNk2YC,0.000000,2607,0,678108938
Q1wCYj,0.000000,2606,0,677846780
UNk2YC,0.000000,2623,0,682303466
Q1wCYj,0.000000,2668,0,694100576
UNk2YC,0.000000,2714,0,706159844
Q1wCYj,0.000000,2760,0,718219112
UNk2YC,0.000000,2805,0,730016222
Q1wCYj,0.000000,2844,0,740240384
UNk2YC,0.000000,2889,0,752037494
Q1wCYj,0.000000,2934,0,763834604
UNk2YC,0.000000,2979,0,775631714
Q1wCYj,0.000000,3019,0,786118034
UNk2YC,0.000000,3071,0,799750250
Q1wCYj,0.000000,3117,0,811809518
UNk2YC,0.000000,3162,0,823606628
Q1wCYj,0.000000,3202,0,834092948
UNk2YC,0.000000,3234,0,842482004
Q1wCYj,0.000000,3271,0,852181850
UNk2YC,0.000000,3313,0,863192486
Q1wCYj,0.000000,3356,0,874465280
UNk2YC,0.000000,3397,0,885213758
Q1wCYj,0.000000,3436,0,895437920
UNk2YC,0.000000,3477,0,906186398
Q1wCYj,0.000000,3523,0,917737450
UNk2YC,0.000000,3563,0,928223770
Q1wCYj,0.000000,3612,0,941069512
UNk2YC,0.000000,3605,0,939234406
Q1wCYj,0.000000,3706,0,965712364
UNk2YC,0.000000,3605,0,939234406
Q1wCYj,0.000000,3804,0,991403848
UNk2YC,0.000000,3605,0,939234406
