id,debt_ratio,exchanges,bytes_sent,bytes_received
aB4Yp3,0.000000,12,0,346888
TUApqE,0.000000,61,0,13192630
aB4Yp3,0.000000,111,0,26300530
TUApqE,0.000000,151,0,36786850
aB4Yp3,0.000000,195,0,48321802
TUApqE,0.000000,229,0,57235174
aB4Yp3,0.000000,275,0,69294442
TUApqE,0.000000,315,0,79780762
aB4Yp3,0.000000,355,0,90267082
TUApqE,0.000000,392,0,99966928
aB4Yp3,0.000000,429,0,109666774
TUApqE,0.000000,473,0,121201726
aB4Yp3,0.000000,519,0,133260994
TUApqE,0.000000,555,0,142698682
aB4Yp3,0.000000,593,0,152660686
TUApqE,0.000000,633,0,163147006
aB4Yp3,0.000000,673,0,173633326
TUApqE,0.000000,710,0,183333172
aB4Yp3,0.000000,747,0,193033018
TUApqE,0.000000,794,0,205354444
aB4Yp3,0.000000,837,0,216627238
TUApqE,0.000000,881,0,228162190
aB4Yp3,0.000000,921,0,238648510
TUApqE,0.000000,969,0,251232094
aB4Yp3,0.000000,1011,0,262242730
TUApqE,0.000000,1055,0,273777682
aB4Yp3,0.000000,1095,0,284264002
TUApqE,0.000000,1135,0,294750322
aB4Yp3,0.000000,1165,0,302615062
TUApqE,0.000000,1202,0,312314908
aB4Yp3,0.000000,1249,0,324636334
TUApqE,0.000000,1289,0,335122654
aB4Yp3,0.000000,1329,0,345608974
TUApqE,0.000000,1369,0,356095294
aB4Yp3,0.000000,1411,0,367105930
TUApqE,0.000000,1454,0,378378724
aB4Yp3,0.000000,1501,0,390700150
TUApqE,0.000000,1535,0,399613522
aB4Yp3,0.000000,1584,0,412459264
TUApqE,0.000000,1624,0,422945584
aB4Yp3,0.000000,1667,0,434218378
TUApqE,0.000000,1708,0,444966856
aB4Yp3,0.000000,1751,0,456239650
TUApqE,0.000000,1801,0,466809590
aB4Yp3,0.000000,1841,0,477295910
TUApqE,0.000000,1891,0,490403810
aB4Yp3,0.000000,1928,0,500103656
TUApqE,0.000000,1965,0,509803502
aB4Yp3,0.000000,2005,0,520289822
TUApqE,0.000000,2035,0,528154562
aB4Yp3,0.000000,2077,0,539165198
TUApqE,0.000000,2119,0,550175834
aB4Yp3,0.000000,2159,0,560662154
TUApqE,0.000000,2199,0,571148474
aB4Yp3,0.000000,2239,0,581634794
TUApqE,0.000000,2283,0,593169746
aB4Yp3,0.000000,2323,0,603656066
TUApqE,0.000000,2369,0,615715334
aB4Yp3,0.000000,2417,0,628298918
TUApqE,0.000000,2457,0,638785238
aB4Yp3,0.000000,2506,0,651630980
TUApqE,0.000000,2547,0,662379458
aB4Yp3,0.000000,2547,0,662379458
TUApqE,0.000000,2547,0,662379458
aB4Yp3,0.000000,2547,0,662379458
TUApqE,0.000000,2547,0,662379458
aB4Yp3,0.000000,2547,0,662379458
TUApqE,0.000000,2547,0,662379458
aB4Yp3,0.000000,2547,0,662379458
TUApqE,0.000000,2547,0,662379458
aB4Yp3,0.000000,2547,0,662379458
TUApqE,0.000000,2547,0,662379458
aB4Yp3,0.000000,2547,0,662379458
TUApqE,0.000000,2547,0,662379458
aB4Yp3,0.000000,2547,0,662379458
TUApqE,0.000000,2547,0,662379458
aB4Yp3,0.000000,2547,0,662379458
TUApqE,0.000000,2547,0,662379458
aB4Yp3,0.000000,2547,0,662379458
TUApqE,0.000000,2547,0,662379458
aB4Yp3,0.000000,2547,0,662379458
TUApqE,0.000000,2547,0,662379458
aB4Yp3,0.000000,2547,0,662379458
TUApqE,0.000000,2547,0,662379458
aB4Yp3,0.000000,2547,0,662379458
TUApqE,0.000000,2547,0,662379458
aB4Yp3,0.000000,2547,0,662379458
TUApqE,0.000000,2567,0,667622618
aB4Yp3,0.000000,2608,0,678371096
TUApqE,0.000000,2651,0,689643890
aB4Yp3,0.000000,2695,0,701178842
TUApqE,0.000000,2740,0,712975952
aB4Yp3,0.000000,2771,0,721102850
TUApqE,0.000000,2825,0,735259382
aB4Yp3,0.000000,2865,0,745745702
TUApqE,0.000000,2905,0,756232022
aB4Yp3,0.000000,2945,0,766718342
TUApqE,0.000000,2999,0,780874874
aB4Yp3,0.000000,3039,0,791361194
TUApqE,0.000000,3080,0,802109672
aB4Yp3,0.000000,3129,0,814955414
TUApqE,0.000000,3173,0,826490366
aB4Yp3,0.000000,3213,0,836976686
TUApqE,0.000000,3254,0,847725164
aB4Yp3,0.000000,3294,0,858211484
TUApqE,0.000000,3327,0,866862698
aB4Yp3,0.000000,3377,0,879970598
TUApqE,0.000000,3423,0,892029866
aB4Yp3,0.000000,3467,0,903564818
TUApqE,0.000000,3517,0,916164502
aB4Yp3,0.000000,3563,0,928223770
TUApqE,0.000000,3603,0,938710090
aB4Yp3,0.000000,3643,0,949196410
TUApqE,0.000000,3681,0,959158414
aB4Yp3,0.000000,3731,0,972266314
TUApqE,0.000000,3777,0,984325582
aB4Yp3,0.000000,3817,0,994811902
TUApqE,0.000000,3838,0,1000237860
