id,debt_ratio,exchanges,bytes_sent,bytes_received
WUrEKs,0.000000,11,0,84730
WapJPz,0.000000,58,0,12406156
WUrEKs,0.000000,102,0,23941108
WapJPz,0.000000,146,0,35476060
WUrEKs,0.000000,185,0,45700222
WapJPz,0.000000,235,0,58808122
WUrEKs,0.000000,276,0,69556600
WapJPz,0.000000,315,0,79780762
WUrEKs,0.000000,355,0,90267082
WapJPz,0.000000,398,0,101539876
WUrEKs,0.000000,444,0,113599144
WapJPz,0.000000,489,0,125396254
WUrEKs,0.000000,533,0,136931206
WapJPz,0.000000,573,0,147417526
WUrEKs,0.000000,613,0,157903846
WapJPz,0.000000,658,0,169700956
WUrEKs,0.000000,703,0,181498066
WapJPz,0.000000,747,0,193033018
WUrEKs,0.000000,788,0,203781496
WapJPz,0.000000,837,0,216627238
WUrEKs,0.000000,877,0,227113558
WapJPz,0.000000,911,0,236026930
WUrEKs,0.000000,954,0,247299724
WapJPz,0.000000,991,0,256999570
WUrEKs,0.000000,1001,0,259621150
WapJPz,0.000000,1001,0,259621150
WUrEKs,0.000000,1001,0,259621150
WapJPz,0.000000,1001,0,259621150
WUrEKs,0.000000,1001,0,259621150
WapJPz,0.000000,1011,0,262242730
WUrEKs,0.000000,1011,0,262242730
WapJPz,0.000000,1011,0,262242730
WUrEKs,0.000000,1012,0,262504888
WapJPz,0.000000,1055,0,273777682
WUrEKs,0.000000,1105,0,286885582
WapJPz,0.000000,1155,0,299993482
WUrEKs,0.000000,1195,0,310479802
WapJPz,0.000000,1238,0,321752596
WUrEKs,0.000000,1288,0,334860496
WapJPz,0.000000,1338,0,347968396
WUrEKs,0.000000,1379,0,358716874
WapJPz,0.000000,1423,0,370251826
WUrEKs,0.000000,1463,0,380738146
WapJPz,0.000000,1493,0,388602886
WUrEKs,0.000000,1534,0,399351364
WapJPz,0.000000,1579,0,411148474
WUrEKs,0.000000,1620,0,421896952
WapJPz,0.000000,1667,0,434218378
WUrEKs,0.000000,1707,0,444704698
WapJPz,0.000000,1751,0,456239650
WUrEKs,0.000000,1791,0,464188010
WapJPz,0.000000,1831,0,474674330
WUrEKs,0.000000,1871,0,485160650
WapJPz,0.000000,1911,0,495646970
WUrEKs,0.000000,1955,0,507181922
WapJPz,0.000000,1995,0,517668242
WUrEKs,0.000000,2036,0,528416720
WapJPz,0.000000,2085,0,541262462
WUrEKs,0.000000,2130,0,553059572
WapJPz,0.000000,2174,0,564594524
WUrEKs,0.000000,2219,0,576391634
WapJPz,0.000000,2259,0,586877954
WUrEKs,0.000000,2303,0,598412906
WapJPz,0.000000,2346,0,609685700
WUrEKs,0.000000,2393,0,622007126
WapJPz,0.000000,2442,0,634852868
WUrEKs,0.000000,2492,0,647960768
WapJPz,0.000000,2536,0,659495720
WUrEKs,0.000000,2578,0,670506356
WapJPz,0.000000,2623,0,682303466
WUrEKs,0.000000,2664,0,693051944
WapJPz,0.000000,2710,0,705111212
WUrEKs,0.000000,2751,0,715859690
WapJPz,0.000000,2800,0,728705432
WUrEKs,0.000000,2843,0,739978226
WapJPz,0.000000,2892,0,752823968
WUrEKs,0.000000,2945,0,766718342
WapJPz,0.000000,2978,0,775369556
WUrEKs,0.000000,3029,0,788739614
WapJPz,0.000000,3076,0,801061040
WUrEKs,0.000000,3039,0,791361194
WapJPz,0.000000,3172,0,826228208
WUrEKs,0.000000,3039,0,791361194
WapJPz,0.000000,3282,0,855065588
WUrEKs,0.000000,3039,0,791361194
WapJPz,0.000000,3368,0,877611176
WUrEKs,0.000000,3039,0,791361194
WapJPz,0.000000,3476,0,905924240
WUrEKs,0.000000,3039,0,791361194
WapJPz,0.000000,3572,0,930583192
WUrEKs,0.000000,3039,0,791361194
WapJPz,0.000000,3676,0,957847624
WUrEKs,0.000000,3039,0,791361194
WapJPz,0.000000,3783,0,985898530
WUrEKs,0.000000,3039,0,791361194
WapJPz,0.000000,3837,0,999975702
