id,debt_ratio,exchanges,bytes_sent,bytes_received
avHB2f,0.000000,18,0,1919836
eF3bPj,0.000000,0,0,0
avHB2f,0.000000,111,0,26300530
eF3bPj,0.000000,0,0,0
avHB2f,0.000000,197,0,48846118
eF3bPj,0.000000,0,0,0
avHB2f,0.000000,295,0,74537602
eF3bPj,0.000000,0,0,0
avHB2f,0.000000,389,0,99180454
eF3bPj,0.000000,0,0,0
avHB2f,0.000000,479,0,122774674
eF3bPj,0.000000,0,0,0
avHB2f,0.000000,573,0,147417526
eF3bPj,0.000000,0,0,0
avHB2f,0.000000,664,0,171273904
eF3bPj,0.000000,0,0,0
avHB2f,0.000000,757,0,195654598
eF3bPj,0.000000,0,0,0
avHB2f,0.000000,848,0,219510976
eF3bPj,0.000000,0,0,0
avHB2f,0.000000,941,0,243891670
eF3bPj,0.000000,0,0,0
avHB2f,0.000000,1032,0,267748048
eF3bPj,0.000000,0,0,0
avHB2f,0.000000,1115,0,289507162
eF3bPj,0.000000,0,0,0
avHB2f,0.000000,1215,0,315722962
eF3bPj,0.000000,0,0,0
avHB2f,0.000000,1301,0,338268550
eF3bPj,0.000000,0,0,0
avHB2f,0.000000,1394,0,362649244
eF3bPj,0.000000,0,0,0
avHB2f,0.000000,1488,0,387292096
eF3bPj,0.000000,0,0,0
avHB2f,0.000000,1587,0,413245738
eF3bPj,0.000000,0,0,0
avHB2f,0.000000,1677,0,436839958
eF3bPj,0.000000,0,0,0
avHB2f,0.000000,1771,0,458944850
eF3bPj,0.000000,0,0,0
avHB2f,0.000000,1871,0,485160650
eF3bPj,0.000000,0,0,0
avHB2f,0.000000,1975,0,512425082
eF3bPj,0.000000,0,0,0
avHB2f,0.000000,2065,0,536019302
eF3bPj,0.000000,0,0,0
avHB2f,0.000000,2119,0,550175834
eF3bPj,0.000000,0,0,0
avHB2f,0.000000,2189,0,568526894
eF3bPj,0.000000,0,0,0
avHB2f,0.000000,2283,0,593169746
eF3bPj,0.000000,0,0,0
avHB2f,0.000000,2375,0,617288282
eF3bPj,0.000000,0,0,0
avHB2f,0.000000,2467,0,641406818
eF3bPj,0.000000,0,0,0
avHB2f,0.000000,2575,0,669719882
eF3bPj,0.000000,0,0,0
avHB2f,0.000000,2671,0,694887050
eF3bPj,0.000000,0,0,0
avHB2f,0.000000,2770,0,720840692
eF3bPj,0.000000,0,0,0
avHB2f,0.000000,2865,0,745745702
eF3bPj,0.000000,0,0,0
avHB2f,0.000000,2957,0,769864238
eF3bPj,0.000000,0,0,0
avHB2f,0.000000,3059,0,796604354
eF3bPj,0.000000,0,0,0
avHB2f,0.000000,3149,0,820198574
eF3bPj,0.000000,0,0,0
avHB2f,0.000000,3237,0,843268478
eF3bPj,0.000000,0,0,0
avHB2f,0.000000,3329,0,867387014
eF3bPj,0.000000,0,0,0
avHB2f,0.000000,3427,0,893078498
eF3bPj,0.000000,0,0,0
avHB2f,0.000000,3513,0,915115870
eF3bPj,0.000000,0,0,0
avHB2f,0.000000,3513,0,915115870
eF3bPj,0.000000,0,0,0
avHB2f,0.000000,3513,0,915115870
eF3bPj,0.000000,0,0,0
avHB2f,0.000000,3513,0,915115870
eF3bPj,0.000000,0,0,0
avHB2f,0.000000,3513,0,915115870
eF3bPj,0.000000,0,0,0
avHB2f,0.000000,3513,0,915115870
eF3bPj,0.000000,0,0,0
avHB2f,0.000000,3513,0,915115870
eF3bPj,0.000000,0,0,0
avHB2f,0.000000,3513,0,915115870
eF3bPj,0.000000,0,0,0
avHB2f,0.000000,3513,0,915115870
eF3bPj,0.000000,0,0,0
avHB2f,0.000000,3513,0,915115870
eF3bPj,0.000000,0,0,0
avHB2f,0.000000,3513,0,915115870
eF3bPj,0.000000,0,0,0
avHB2f,0.000000,3513,0,915115870
eF3bPj,0.000000,0,0,0
avHB2f,0.000000,3513,0,915115870
eF3bPj,0.000000,0,0,0
avHB2f,0.000000,3513,0,915115870
eF3bPj,0.000000,0,0,0
avHB2f,0.000000,3513,0,915115870
eF3bPj,0.000000,0,0,0
avHB2f,0.000000,3513,0,915115870
eF3bPj,0.000000,0,0,0
avHB2f,0.000000,3513,0,915115870
eF3bPj,0.000000,0,0,0
avHB2f,0.000000,3567,0,929272402
eF3bPj,0.000000,0,0,0
avHB2f,0.000000,3666,0,955226044
eF3bPj,0.000000,0,0,0
avHB2f,0.000000,3767,0,981704002
eF3bPj,0.000000,0,0,0
avHB2f,0.000000,3838,0,1000237860
eF3bPj,0.000000,0,0,0
