id,debt_ratio,exchanges,bytes_sent,bytes_received
Q1wCYj,0.000000,0,0,0
bENH6V,0.000000,0,0,0
Q1wCYj,0.000000,91,0,21057370
bENH6V,0.000000,0,0,0
Q1wCYj,0.000000,181,0,44651590
bENH6V,0.000000,0,0,0
Q1wCYj,0.000000,275,0,69294442
bENH6V,0.000000,0,0,0
Q1wCYj,0.000000,369,0,93937294
bENH6V,0.000000,0,0,0
Q1wCYj,0.000000,469,0,120153094
bENH6V,0.000000,0,0,0
Q1wCYj,0.000000,563,0,144795946
bENH6V,0.000000,0,0,0
Q1wCYj,0.000000,653,0,168390166
bENH6V,0.000000,0,0,0
Q1wCYj,0.000000,739,0,190935754
bENH6V,0.000000,0,0,0
Q1wCYj,0.000000,837,0,216627238
bENH6V,0.000000,0,0,0
Q1wCYj,0.000000,926,0,239959300
bENH6V,0.000000,0,0,0
Q1wCYj,0.000000,1022,0,265126468
bENH6V,0.000000,0,0,0
Q1wCYj,0.000000,1105,0,286885582
bENH6V,0.000000,0,0,0
Q1wCYj,0.000000,1195,0,310479802
bENH6V,0.000000,0,0,0
Q1wCYj,0.000000,1289,0,335122654
bENH6V,0.000000,0,0,0
Q1wCYj,0.000000,1389,0,361338454
bENH6V,0.000000,0,0,0
Q1wCYj,0.000000,1487,0,387029938
bENH6V,0.000000,0,0,0
Q1wCYj,0.000000,1587,0,413245738
bENH6V,0.000000,0,0,0
Q1wCYj,0.000000,1677,0,436839958
bENH6V,0.000000,0,0,0
Q1wCYj,0.000000,1781,0,461566430
bENH6V,0.000000,0,0,0
Q1wCYj,0.000000,1881,0,487782230
bENH6V,0.000000,0,0,0
Q1wCYj,0.000000,1975,0,512425082
bENH6V,0.000000,0,0,0
Q1wCYj,0.000000,2065,0,536019302
bENH6V,0.000000,0,0,0
Q1wCYj,0.000000,2159,0,560662154
bENH6V,0.000000,0,0,0
Q1wCYj,0.000000,2259,0,586877954
bENH6V,0.000000,0,0,0
Q1wCYj,0.000000,2347,0,609947858
bENH6V,0.000000,0,0,0
Q1wCYj,0.000000,2453,0,637736606
bENH6V,0.000000,0,0,0
Q1wCYj,0.000000,2547,0,662379458
bENH6V,0.000000,0,0,0
Q1wCYj,0.000000,2641,0,687022310
bENH6V,0.000000,0,0,0
Q1wCYj,0.000000,2731,0,710616530
bENH6V,0.000000,0,0,0
Q1wCYj,0.000000,2829,0,736308014
bENH6V,0.000000,0,0,0
Q1wCYj,0.000000,2927,0,761999498
bENH6V,0.000000,0,0,0
Q1wCYj,0.000000,3019,0,786118034
bENH6V,0.000000,0,0,0
Q1wCYj,0.000000,3119,0,812333834
bENH6V,0.000000,0,0,0
Q1wCYj,0.000000,3203,0,834355106
bENH6V,0.000000,0,0,0
Q1wCYj,0.000000,3293,0,857949326
bENH6V,0.000000,0,0,0
Q1wCYj,0.000000,3387,0,882592178
bENH6V,0.000000,0,0,0
Q1wCYj,0.000000,3487,0,908807978
bENH6V,0.000000,0,0,0
Q1wCYj,0.000000,3581,0,932942614
bENH6V,0.000000,0,0,0
Q1wCYj,0.000000,3583,0,933466930
bENH6V,0.000000,0,0,0
Q1wCYj,0.000000,3583,0,933466930
bENH6V,0.000000,0,0,0
Q1wCYj,0.000000,3583,0,933466930
bENH6V,0.000000,0,0,0
Q1wCYj,0.000000,3583,0,933466930
bENH6V,0.000000,0,0,0
Q1wCYj,0.000000,3583,0,933466930
bENH6V,0.000000,0,0,0
Q1wCYj,0.000000,3583,0,933466930
bENH6V,0.000000,0,0,0
Q1wCYj,0.000000,3583,0,933466930
bENH6V,0.000000,0,0,0
Q1wCYj,0.000000,3583,0,933466930
bENH6V,0.000000,0,0,0
Q1wCYj,0.000000,3583,0,933466930
bENH6V,0.000000,0,0,0
Q1wCYj,0.000000,3583,0,933466930
bENH6V,0.000000,0,0,0
Q1wCYj,0.000000,3583,0,933466930
bENH6V,0.000000,0,0,0
Q1wCYj,0.000000,3583,0,933466930
bENH6V,0.000000,0,0,0
Q1wCYj,0.000000,3583,0,933466930
bENH6V,0.000000,0,0,0
Q1wCYj,0.000000,3583,0,933466930
bENH6V,0.000000,0,0,0
Q1wCYj,0.000000,3583,0,933466930
bENH6V,0.000000,0,0,0
Q1wCYj,0.000000,3583,0,933466930
bENH6V,0.000000,0,0,0
Q1wCYj,0.000000,3623,0,943953250
bENH6V,0.000000,0,0,0
Q1wCYj,0.000000,3709,0,966498838
bENH6V,0.000000,0,0,0
Q1wCYj,0.000000,3817,0,994811902
bENH6V,0.000000,0,0,0
