id,debt_ratio,exchanges,bytes_sent,bytes_received
QficVn,0.000000,0,0,0
cjd4JV,0.000000,38,0,7162996
QficVn,0.000000,75,0,16862842
cjd4JV,0.000000,121,0,28922110
QficVn,0.000000,161,0,39408430
cjd4JV,0.000000,195,0,48321802
QficVn,0.000000,241,0,60381070
cjd4JV,0.000000,285,0,71916022
QficVn,0.000000,328,0,83188816
cjd4JV,0.000000,369,0,93937294
QficVn,0.000000,409,0,104423614
cjd4JV,0.000000,444,0,113599144
QficVn,0.000000,479,0,122774674
cjd4JV,0.000000,519,0,133260994
QficVn,0.000000,563,0,144795946
cjd4JV,0.000000,603,0,155282266
QficVn,0.000000,641,0,165244270
cjd4JV,0.000000,680,0,175468432
QficVn,0.000000,717,0,185168278
cjd4JV,0.000000,761,0,196703230
QficVn,0.000000,807,0,208762498
cjd4JV,0.000000,848,0,219510976
QficVn,0.000000,891,0,230783770
cjd4JV,0.000000,922,0,238910668
QficVn,0.000000,971,0,251756410
cjd4JV,0.000000,1015,0,263291362
QficVn,0.000000,1041,0,270107470
cjd4JV,0.000000,1055,0,273777682
QficVn,0.000000,1097,0,284788318
cjd4JV,0.000000,1145,0,297371902
QficVn,0.000000,1194,0,310217644
cjd4JV,0.000000,1229,0,319393174
QficVn,0.000000,1279,0,332501074
cjd4JV,0.000000,1315,0,341938762
QficVn,0.000000,1349,0,350852134
cjd4JV,0.000000,1389,0,361338454
QficVn,0.000000,1433,0,372873406
cjd4JV,0.000000,1473,0,383359726
QficVn,0.000000,1517,0,394894678
cjd4JV,0.000000,1563,0,406953946
QficVn,0.000000,1607,0,418488898
cjd4JV,0.000000,1649,0,429499534
QficVn,0.000000,1693,0,441034486
cjd4JV,0.000000,1744,0,454404544
QficVn,0.000000,1788,0,463401536
cjd4JV,0.000000,1831,0,474674330
QficVn,0.000000,1881,0,487782230
cjd4JV,0.000000,1923,0,498792866
QficVn,0.000000,1966,0,510065660
cjd4JV,0.000000,2010,0,521600612
QficVn,0.000000,2055,0,533397722
cjd4JV,0.000000,2097,0,544408358
QficVn,0.000000,2143,0,556467626
cjd4JV,0.000000,2189,0,568526894
QficVn,0.000000,2225,0,577964582
cjd4JV,0.000000,2267,0,588975218
QficVn,0.000000,2312,0,600772328
cjd4JV,0.000000,2360,0,613355912
QficVn,0.000000,2393,0,622007126
cjd4JV,0.000000,2420,0,629085392
QficVn,0.000000,2464,0,640620344
cjd4JV,0.000000,2477,0,644028398
QficVn,0.000000,2477,0,644028398
cjd4JV,0.000000,2477,0,644028398
QficVn,0.000000,2477,0,644028398
cjd4JV,0.000000,2477,0,644028398
QficVn,0.000000,2477,0,644028398
cjd4JV,0.000000,2477,0,644028398
QficVn,0.000000,2477,0,644028398
cjd4JV,0.000000,2477,0,644028398
QficVn,0.000000,2477,0,644028398
cjd4JV,0.000000,2477,0,644028398
QficVn,0.000000,2477,0,644028398
cjd4JV,0.000000,2477,0,644028398
QficVn,0.000000,2477,0,644028398
cjd4JV,0.000000,2477,0,644028398
QficVn,0.000000,2477,0,644028398
cjd4JV,0.000000,2477,0,644028398
QficVn,0.000000,2477,0,644028398
cjd4JV,0.000000,2477,0,644028398
QficVn,0.000000,2477,0,644028398
cjd4JV,0.000000,2477,0,644028398
QficVn,0.000000,2477,0,644028398
cjd4JV,0.000000,2477,0,644028398
QficVn,0.000000,2477,0,644028398
cjd4JV,0.000000,2477,0,644028398
QficVn,0.000000,2507,0,651893138
cjd4JV,0.000000,2557,0,665001038
QficVn,0.000000,2597,0,675487358
cjd4JV,0.000000,2641,0,687022310
QficVn,0.000000,2684,0,698295104
cjd4JV,0.000000,2731,0,710616530
QficVn,0.000000,2781,0,723724430
cjd4JV,0.000000,2815,0,732637802
QficVn,0.000000,2857,0,743648438
cjd4JV,0.000000,2905,0,756232022
QficVn,0.000000,2945,0,766718342
cjd4JV,0.000000,2989,0,778253294
QficVn,0.000000,3029,0,788739614
cjd4JV,0.000000,3069,0,799225934
QficVn,0.000000,3109,0,809712254
cjd4JV,0.000000,3153,0,821247206
QficVn,0.000000,3197,0,832782158
cjd4JV,0.000000,3253,0,847463006
QficVn,0.000000,3293,0,857949326
cjd4JV,0.000000,3343,0,871057226
QficVn,0.000000,3386,0,882330020
cjd4JV,0.000000,3427,0,893078498
QficVn,0.000000,3467,0,903564818
cjd4JV,0.000000,3501,0,912478190
QficVn,0.000000,3543,0,922980610
cjd4JV,0.000000,3583,0,933466930
QficVn,0.000000,3633,0,946574830
cjd4JV,0.000000,3679,0,958634098
QficVn,0.000000,3727,0,971217682
cjd4JV,0.000000,3778,0,984587740
QficVn,0.000000,3817,0,994811902
cjd4JV,0.000000,3838,0,1000237860
