id,debt_ratio,exchanges,bytes_sent,bytes_received
WEwfVC,0.000000,0,0,0
Ts6nq8,0.000000,0,0,0
WEwfVC,0.000000,90,0,20795212
Ts6nq8,0.000000,0,0,0
WEwfVC,0.000000,180,0,44389432
Ts6nq8,0.000000,0,0,0
WEwfVC,0.000000,265,0,66672862
Ts6nq8,0.000000,0,0,0
WEwfVC,0.000000,355,0,90267082
Ts6nq8,0.000000,0,0,0
WEwfVC,0.000000,452,0,115696408
Ts6nq8,0.000000,0,0,0
WEwfVC,0.000000,553,0,142174366
Ts6nq8,0.000000,0,0,0
WEwfVC,0.000000,653,0,168390166
Ts6nq8,0.000000,0,0,0
WEwfVC,0.000000,747,0,193033018
Ts6nq8,0.000000,0,0,0
WEwfVC,0.000000,837,0,216627238
Ts6nq8,0.000000,0,0,0
WEwfVC,0.000000,931,0,241270090
Ts6nq8,0.000000,0,0,0
WEwfVC,0.000000,1031,0,267485890
Ts6nq8,0.000000,0,0,0
WEwfVC,0.000000,1109,0,287934214
Ts6nq8,0.000000,0,0,0
WEwfVC,0.000000,1205,0,313101382
Ts6nq8,0.000000,0,0,0
WEwfVC,0.000000,1299,0,337744234
Ts6nq8,0.000000,0,0,0
WEwfVC,0.000000,1391,0,361862770
Ts6nq8,0.000000,0,0,0
WEwfVC,0.000000,1485,0,386505622
Ts6nq8,0.000000,0,0,0
WEwfVC,0.000000,1597,0,415867318
Ts6nq8,0.000000,0,0,0
WEwfVC,0.000000,1697,0,442083118
Ts6nq8,0.000000,0,0,0
WEwfVC,0.000000,1796,0,465498800
Ts6nq8,0.000000,0,0,0
WEwfVC,0.000000,1891,0,490403810
Ts6nq8,0.000000,0,0,0
WEwfVC,0.000000,1995,0,517668242
Ts6nq8,0.000000,0,0,0
WEwfVC,0.000000,2104,0,546243464
Ts6nq8,0.000000,0,0,0
WEwfVC,0.000000,2189,0,568526894
Ts6nq8,0.000000,0,0,0
WEwfVC,0.000000,2279,0,592121114
Ts6nq8,0.000000,0,0,0
WEwfVC,0.000000,2371,0,616239650
Ts6nq8,0.000000,0,0,0
WEwfVC,0.000000,2466,0,641144660
Ts6nq8,0.000000,0,0,0
WEwfVC,0.000000,2557,0,665001038
Ts6nq8,0.000000,0,0,0
WEwfVC,0.000000,2650,0,689381732
Ts6nq8,0.000000,0,0,0
WEwfVC,0.000000,2741,0,713238110
Ts6nq8,0.000000,0,0,0
WEwfVC,0.000000,2835,0,737880962
Ts6nq8,0.000000,0,0,0
WEwfVC,0.000000,2926,0,761737340
Ts6nq8,0.000000,0,0,0
WEwfVC,0.000000,3022,0,786904508
Ts6nq8,0.000000,0,0,0
WEwfVC,0.000000,3119,0,812333834
Ts6nq8,0.000000,0,0,0
WEwfVC,0.000000,3213,0,836976686
Ts6nq8,0.000000,0,0,0
WEwfVC,0.000000,3307,0,861619538
Ts6nq8,0.000000,0,0,0
WEwfVC,0.000000,3407,0,887835338
Ts6nq8,0.000000,0,0,0
WEwfVC,0.000000,3498,0,911691716
Ts6nq8,0.000000,0,0,0
WEwfVC,0.000000,3523,0,917737450
Ts6nq8,0.000000,0,0,0
WEwfVC,0.000000,3523,0,917737450
Ts6nq8,0.000000,0,0,0
WEwfVC,0.000000,3523,0,917737450
Ts6nq8,0.000000,0,0,0
WEwfVC,0.000000,3523,0,917737450
Ts6nq8,0.000000,0,0,0
WEwfVC,0.000000,3523,0,917737450
Ts6nq8,0.000000,0,0,0
WEwfVC,0.000000,3523,0,917737450
Ts6nq8,0.000000,0,0,0
WEwfVC,0.000000,3523,0,917737450
Ts6nq8,0.000000,0,0,0
WEwfVC,0.000000,3523,0,917737450
Ts6nq8,0.000000,0,0,0
WEwfVC,0.000000,3523,0,917737450
Ts6nq8,0.000000,0,0,0
WEwfVC,0.000000,3523,0,917737450
Ts6nq8,0.000000,0,0,0
WEwfVC,0.000000,3523,0,917737450
Ts6nq8,0.000000,0,0,0
WEwfVC,0.000000,3523,0,917737450
Ts6nq8,0.000000,0,0,0
WEwfVC,0.000000,3523,0,917737450
Ts6nq8,0.000000,0,0,0
WEwfVC,0.000000,3523,0,917737450
Ts6nq8,0.000000,0,0,0
WEwfVC,0.000000,3523,0,917737450
Ts6nq8,0.000000,0,0,0
WEwfVC,0.000000,3523,0,917737450
Ts6nq8,0.000000,0,0,0
WEwfVC,0.000000,3553,0,925602190
Ts6nq8,0.000000,0,0,0
WEwfVC,0.000000,3653,0,951817990
Ts6nq8,0.000000,0,0,0
WEwfVC,0.000000,3747,0,976460842
Ts6nq8,0.000000,0,0,0
WEwfVC,0.000000,3838,0,1000237860
Ts6nq8,0.000000,0,0,0
