id,debt_ratio,exchanges,bytes_sent,bytes_received
Wrdigk,0.000000,0,0,0
TE8UFK,0.000000,33,0,5852206
Wrdigk,0.000000,51,0,10571050
TE8UFK,0.000000,81,0,18435790
Wrdigk,0.000000,121,0,28922110
TE8UFK,0.000000,161,0,39408430
Wrdigk,0.000000,205,0,50943382
TE8UFK,0.000000,235,0,58808122
Wrdigk,0.000000,280,0,70605232
TE8UFK,0.000000,325,0,82402342
Wrdigk,0.000000,359,0,91315714
TE8UFK,0.000000,397,0,101277718
Wrdigk,0.000000,439,0,112288354
TE8UFK,0.000000,479,0,122774674
Wrdigk,0.000000,519,0,133260994
TE8UFK,0.000000,550,0,141387892
Wrdigk,0.000000,592,0,152398528
TE8UFK,0.000000,628,0,161836216
Wrdigk,0.000000,667,0,172060378
TE8UFK,0.000000,707,0,182546698
Wrdigk,0.000000,747,0,193033018
TE8UFK,0.000000,792,0,204830128
Wrdigk,0.000000,839,0,217151554
TE8UFK,0.000000,881,0,228162190
Wrdigk,0.000000,929,0,240745774
TE8UFK,0.000000,963,0,249659146
Wrdigk,0.000000,1006,0,260931940
TE8UFK,0.000000,1051,0,272729050
Wrdigk,0.000000,1095,0,284264002
TE8UFK,0.000000,1145,0,297371902
Wrdigk,0.000000,1185,0,307858222
TE8UFK,0.000000,1229,0,319393174
Wrdigk,0.000000,1269,0,329879494
TE8UFK,0.000000,1309,0,340365814
Wrdigk,0.000000,1351,0,351376450
TE8UFK,0.000000,1389,0,361338454
Wrdigk,0.000000,1435,0,373397722
TE8UFK,0.000000,1483,0,385981306
Wrdigk,0.000000,1530,0,398302732
TE8UFK,0.000000,1573,0,409575526
Wrdigk,0.000000,1615,0,420586162
TE8UFK,0.000000,1657,0,431596798
Wrdigk,0.000000,1697,0,442083118
TE8UFK,0.000000,1707,0,444704698
Wrdigk,0.000000,1707,0,444704698
TE8UFK,0.000000,1707,0,444704698
Wrdigk,0.000000,1707,0,444704698
TE8UFK,0.000000,1707,0,444704698
Wrdigk,0.000000,1707,0,444704698
TE8UFK,0.000000,1707,0,444704698
Wrdigk,0.000000,1707,0,444704698
TE8UFK,0.000000,1707,0,444704698
Wrdigk,0.000000,1707,0,444704698
TE8UFK,0.000000,1707,0,444704698
Wrdigk,0.000000,1707,0,444704698
TE8UFK,0.000000,1707,0,444704698
Wrdigk,0.000000,1707,0,444704698
TE8UFK,0.000000,1707,0,444704698
Wrdigk,0.000000,1707,0,444704698
TE8UFK,0.000000,1707,0,444704698
Wrdigk,0.000000,1707,0,444704698
TE8UFK,0.000000,1707,0,444704698
Wrdigk,0.000000,1707,0,444704698
TE8UFK,0.000000,1707,0,444704698
Wrdigk,0.000000,1707,0,444704698
TE8UFK,0.000000,1707,0,444704698
Wrdigk,0.000000,1707,0,444704698
TE8UFK,0.000000,1707,0,444704698
Wrdigk,0.000000,1707,0,444704698
TE8UFK,0.000000,1707,0,444704698
Wrdigk,0.000000,1707,0,444704698
TE8UFK,0.000000,1707,0,444704698
Wrdigk,0.000000,1709,0,445229014
TE8UFK,0.000000,1749,0,455715334
Wrdigk,0.000000,1791,0,464188010
TE8UFK,0.000000,1831,0,474674330
Wrdigk,0.000000,1881,0,487782230
TE8UFK,0.000000,1926,0,499579340
Wrdigk,0.000000,1964,0,509541344
TE8UFK,0.000000,2011,0,521862770
Wrdigk,0.000000,2031,0,527105930
TE8UFK,0.000000,2069,0,537067934
Wrdigk,0.000000,2110,0,547816412
TE8UFK,0.000000,2156,0,559875680
Wrdigk,0.000000,2199,0,571148474
TE8UFK,0.000000,2239,0,581634794
Wrdigk,0.000000,2283,0,593169746
TE8UFK,0.000000,2324,0,603918224
Wrdigk,0.000000,2368,0,615453176
TE8UFK,0.000000,2419,0,628823234
Wrdigk,0.000000,2457,0,638785238
TE8UFK,0.000000,2497,0,649271558
Wrdigk,0.000000,2546,0,662117300
TE8UFK,0.000000,2587,0,672865778
Wrdigk,0.000000,2630,0,684138572
TE8UFK,0.000000,2671,0,694887050
Wrdigk,0.000000,2711,0,705373370
TE8UFK,0.000000,2751,0,715859690
Wrdigk,0.000000,2801,0,728967590
TE8UFK,0.000000,2835,0,737880962
Wrdigk,0.000000,2886,0,751251020
TE8UFK,0.000000,2935,0,764096762
Wrdigk,0.000000,2979,0,775631714
TE8UFK,0.000000,3017,0,785593718
Wrdigk,0.000000,3057,0,796080038
TE8UFK,0.000000,3099,0,807090674
Wrdigk,0.000000,3146,0,819412100
TE8UFK,0.000000,3183,0,829111946
Wrdigk,0.000000,3222,0,839336108
TE8UFK,0.000000,3258,0,848773796
Wrdigk,0.000000,3303,0,860570906
TE8UFK,0.000000,3348,0,872368016
Wrdigk,0.000000,3389,0,883116494
TE8UFK,0.000000,3432,0,894389288
Wrdigk,0.000000,3477,0,906186398
TE8UFK,0.000000,3513,0,915115870
Wrdigk,0.000000,3560,0,927437296
TE8UFK,0.000000,3605,0,939234406
Wrdigk,0.000000,3654,0,952080148
TE8UFK,0.000000,3694,0,962566468
Wrdigk,0.000000,3739,0,974363578
TE8UFK,0.000000,3778,0,984587740
Wrdigk,0.000000,3822,0,996122692
TE8UFK,0.000000,3838,0,1000237860
