id,debt_ratio,exchanges,bytes_sent,bytes_received
au6v9B,0.000000,0,0,0
WSCVPi,0.000000,0,0,0
au6v9B,0.000000,87,0,20008738
WSCVPi,0.000000,0,0,0
au6v9B,0.000000,181,0,44651590
WSCVPi,0.000000,0,0,0
au6v9B,0.000000,275,0,69294442
WSCVPi,0.000000,0,0,0
au6v9B,0.000000,368,0,93675136
WSCVPi,0.000000,0,0,0
au6v9B,0.000000,459,0,117531514
WSCVPi,0.000000,0,0,0
au6v9B,0.000000,560,0,144009472
WSCVPi,0.000000,0,0,0
au6v9B,0.000000,653,0,168390166
WSCVPi,0.000000,0,0,0
au6v9B,0.000000,743,0,191984386
WSCVPi,0.000000,0,0,0
au6v9B,0.000000,833,0,215578606
WSCVPi,0.000000,0,0,0
au6v9B,0.000000,921,0,238648510
WSCVPi,0.000000,0,0,0
au6v9B,0.000000,1021,0,264864310
WSCVPi,0.000000,0,0,0
au6v9B,0.000000,1115,0,289507162
WSCVPi,0.000000,0,0,0
au6v9B,0.000000,1196,0,310741960
WSCVPi,0.000000,0,0,0
au6v9B,0.000000,1287,0,334598338
WSCVPi,0.000000,0,0,0
au6v9B,0.000000,1379,0,358716874
WSCVPi,0.000000,0,0,0
au6v9B,0.000000,1473,0,383359726
WSCVPi,0.000000,0,0,0
au6v9B,0.000000,1563,0,406953946
WSCVPi,0.000000,0,0,0
au6v9B,0.000000,1658,0,431858956
WSCVPi,0.000000,0,0,0
au6v9B,0.000000,1761,0,456323270
WSCVPi,0.000000,0,0,0
au6v9B,0.000000,1867,0,484112018
WSCVPi,0.000000,0,0,0
au6v9B,0.000000,1957,0,507706238
WSCVPi,0.000000,0,0,0
au6v9B,0.000000,2060,0,534708512
WSCVPi,0.000000,0,0,0
au6v9B,0.000000,2153,0,559089206
WSCVPi,0.000000,0,0,0
au6v9B,0.000000,2249,0,584256374
WSCVPi,0.000000,0,0,0
au6v9B,0.000000,2343,0,608899226
WSCVPi,0.000000,0,0,0
au6v9B,0.000000,2433,0,632493446
WSCVPi,0.000000,0,0,0
au6v9B,0.000000,2527,0,657136298
WSCVPi,0.000000,0,0,0
au6v9B,0.000000,2621,0,681779150
WSCVPi,0.000000,0,0,0
au6v9B,0.000000,2713,0,705897686
WSCVPi,0.000000,0,0,0
au6v9B,0.000000,2811,0,731589170
WSCVPi,0.000000,0,0,0
au6v9B,0.000000,2905,0,756232022
WSCVPi,0.000000,0,0,0
au6v9B,0.000000,2994,0,779564084
WSCVPi,0.000000,0,0,0
au6v9B,0.000000,3089,0,804469094
WSCVPi,0.000000,0,0,0
au6v9B,0.000000,3173,0,826490366
WSCVPi,0.000000,0,0,0
au6v9B,0.000000,3273,0,852706166
WSCVPi,0.000000,0,0,0
au6v9B,0.000000,3364,0,876562544
WSCVPi,0.000000,0,0,0
au6v9B,0.000000,3457,0,900943238
WSCVPi,0.000000,0,0,0
au6v9B,0.000000,3544,0,923242768
WSCVPi,0.000000,0,0,0
au6v9B,0.000000,3603,0,938710090
WSCVPi,0.000000,0,0,0
au6v9B,0.000000,3603,0,938710090
WSCVPi,0.000000,0,0,0
au6v9B,0.000000,3603,0,938710090
WSCVPi,0.000000,0,0,0
au6v9B,0.000000,3603,0,938710090
WSCVPi,0.000000,0,0,0
au6v9B,0.000000,3603,0,938710090
WSCVPi,0.000000,0,0,0
au6v9B,0.000000,3603,0,938710090
WSCVPi,0.000000,0,0,0
au6v9B,0.000000,3603,0,938710090
WSCVPi,0.000000,0,0,0
au6v9B,0.000000,3603,0,938710090
WSCVPi,0.000000,0,0,0
au6v9B,0.000000,3603,0,938710090
WSCVPi,0.000000,0,0,0
au6v9B,0.000000,3603,0,938710090
WSCVPi,0.000000,0,0,0
au6v9B,0.000000,3603,0,938710090
WSCVPi,0.000000,0,0,0
au6v9B,0.000000,3603,0,938710090
WSCVPi,0.000000,0,0,0
au6v9B,0.000000,3603,0,938710090
WSCVPi,0.000000,0,0,0
au6v9B,0.000000,3603,0,938710090
WSCVPi,0.000000,0,0,0
au6v9B,0.000000,3603,0,938710090
WSCVPi,0.000000,0,0,0
au6v9B,0.000000,3603,0,938710090
WSCVPi,0.000000,0,0,0
au6v9B,0.000000,3603,0,938710090
WSCVPi,0.000000,0,0,0
au6v9B,0.000000,3687,0,960731362
WSCVPi,0.000000,0,0,0
au6v9B,0.000000,3778,0,984587740
WSCVPi,0.000000,0,0,0
au6v9B,0.000000,3838,0,1000237860
WSCVPi,0.000000,0,0,0
