id,debt_ratio,exchanges,bytes_sent,bytes_received
RE7ag1,0.000000,0,0,0
Vc3QED,0.000000,0,0,0
RE7ag1,0.000000,81,0,18435790
Vc3QED,0.000000,0,0,0
RE7ag1,0.000000,181,0,44651590
Vc3QED,0.000000,0,0,0
RE7ag1,0.000000,273,0,68770126
Vc3QED,0.000000,0,0,0
RE7ag1,0.000000,359,0,91315714
Vc3QED,0.000000,0,0,0
RE7ag1,0.000000,449,0,114909934
Vc3QED,0.000000,0,0,0
RE7ag1,0.000000,543,0,139552786
Vc3QED,0.000000,0,0,0
RE7ag1,0.000000,643,0,165768586
Vc3QED,0.000000,0,0,0
RE7ag1,0.000000,739,0,190935754
Vc3QED,0.000000,0,0,0
RE7ag1,0.000000,827,0,214005658
Vc3QED,0.000000,0,0,0
RE7ag1,0.000000,921,0,238648510
Vc3QED,0.000000,0,0,0
RE7ag1,0.000000,1005,0,260669782
Vc3QED,0.000000,0,0,0
RE7ag1,0.000000,1096,0,284526160
Vc3QED,0.000000,0,0,0
RE7ag1,0.000000,1133,0,294226006
Vc3QED,0.000000,0,0,0
RE7ag1,0.000000,1224,0,318082384
Vc3QED,0.000000,0,0,0
RE7ag1,0.000000,1319,0,342987394
Vc3QED,0.000000,0,0,0
RE7ag1,0.000000,1416,0,368416720
Vc3QED,0.000000,0,0,0
RE7ag1,0.000000,1511,0,393321730
Vc3QED,0.000000,0,0,0
RE7ag1,0.000000,1593,0,414818686
Vc3QED,0.000000,0,0,0
RE7ag1,0.000000,1687,0,439461538
Vc3QED,0.000000,0,0,0
RE7ag1,0.000000,1791,0,464188010
Vc3QED,0.000000,0,0,0
RE7ag1,0.000000,1883,0,488306546
Vc3QED,0.000000,0,0,0
RE7ag1,0.000000,1955,0,507181922
Vc3QED,0.000000,0,0,0
RE7ag1,0.000000,2035,0,528154562
Vc3QED,0.000000,0,0,0
RE7ag1,0.000000,2129,0,552797414
Vc3QED,0.000000,0,0,0
RE7ag1,0.000000,2219,0,576391634
Vc3QED,0.000000,0,0,0
RE7ag1,0.000000,2303,0,598412906
Vc3QED,0.000000,0,0,0
RE7ag1,0.000000,2393,0,622007126
Vc3QED,0.000000,0,0,0
RE7ag1,0.000000,2487,0,646649978
Vc3QED,0.000000,0,0,0
RE7ag1,0.000000,2590,0,673652252
Vc3QED,0.000000,0,0,0
RE7ag1,0.000000,2691,0,700130210
Vc3QED,0.000000,0,0,0
RE7ag1,0.000000,2783,0,724248746
Vc3QED,0.000000,0,0,0
RE7ag1,0.000000,2875,0,748367282
Vc3QED,0.000000,0,0,0
RE7ag1,0.000000,2965,0,771961502
Vc3QED,0.000000,0,0,0
RE7ag1,0.000000,3059,0,796604354
Vc3QED,0.000000,0,0,0
RE7ag1,0.000000,3149,0,820198574
Vc3QED,0.000000,0,0,0
RE7ag1,0.000000,3243,0,844841426
Vc3QED,0.000000,0,0,0
RE7ag1,0.000000,3345,0,871581542
Vc3QED,0.000000,0,0,0
RE7ag1,0.000000,3407,0,887835338
Vc3QED,0.000000,0,0,0
RE7ag1,0.000000,3407,0,887835338
Vc3QED,0.000000,0,0,0
RE7ag1,0.000000,3417,0,890456918
Vc3QED,0.000000,0,0,0
RE7ag1,0.000000,3417,0,890456918
Vc3QED,0.000000,0,0,0
RE7ag1,0.000000,3417,0,890456918
Vc3QED,0.000000,0,0,0
RE7ag1,0.000000,3417,0,890456918
Vc3QED,0.000000,0,0,0
RE7ag1,0.000000,3417,0,890456918
Vc3QED,0.000000,0,0,0
RE7ag1,0.000000,3417,0,890456918
Vc3QED,0.000000,0,0,0
RE7ag1,0.000000,3417,0,890456918
Vc3QED,0.000000,0,0,0
RE7ag1,0.000000,3417,0,890456918
Vc3QED,0.000000,0,0,0
RE7ag1,0.000000,3417,0,890456918
Vc3QED,0.000000,0,0,0
RE7ag1,0.000000,3417,0,890456918
Vc3QED,0.000000,0,0,0
RE7ag1,0.000000,3417,0,890456918
Vc3QED,0.000000,0,0,0
RE7ag1,0.000000,3417,0,890456918
Vc3QED,0.000000,0,0,0
RE7ag1,0.000000,3417,0,890456918
Vc3QED,0.000000,0,0,0
RE7ag1,0.000000,3417,0,890456918
Vc3QED,0.000000,0,0,0
RE7ag1,0.000000,3417,0,890456918
Vc3QED,0.000000,0,0,0
RE7ag1,0.000000,3487,0,908807978
Vc3QED,0.000000,0,0,0
RE7ag1,0.000000,3583,0,933466930
Vc3QED,0.000000,0,0,0
RE7ag1,0.000000,3673,0,957061150
Vc3QED,0.000000,0,0,0
RE7ag1,0.000000,3777,0,984325582
Vc3QED,0.000000,0,0,0
RE7ag1,0.000000,3838,0,1000237860
Vc3QED,0.000000,0,0,0
