id,debt_ratio,exchanges,bytes_sent,bytes_received
WZqjWq,0.000000,0,0,0
XoJYSc,0.000000,34,0,6114364
WZqjWq,0.000000,76,0,17125000
XoJYSc,0.000000,121,0,28922110
WZqjWq,0.000000,168,0,41243536
XoJYSc,0.000000,205,0,50943382
WZqjWq,0.000000,254,0,63789124
XoJYSc,0.000000,286,0,72178180
WZqjWq,0.000000,334,0,84761764
XoJYSc,0.000000,369,0,93937294
WZqjWq,0.000000,403,0,102850666
XoJYSc,0.000000,446,0,114123460
WZqjWq,0.000000,492,0,126182728
XoJYSc,0.000000,533,0,136931206
WZqjWq,0.000000,573,0,147417526
XoJYSc,0.000000,613,0,157903846
WZqjWq,0.000000,658,0,169700956
XoJYSc,0.000000,703,0,181498066
WZqjWq,0.000000,740,0,191197912
XoJYSc,0.000000,779,0,201422074
WZqjWq,0.000000,827,0,214005658
XoJYSc,0.000000,867,0,224491978
WZqjWq,0.000000,909,0,235502614
XoJYSc,0.000000,954,0,247299724
WZqjWq,0.000000,999,0,259096834
XoJYSc,0.000000,1032,0,267748048
WZqjWq,0.000000,1067,0,276923578
XoJYSc,0.000000,1108,0,287672056
WZqjWq,0.000000,1146,0,297634060
XoJYSc,0.000000,1193,0,309955486
WZqjWq,0.000000,1229,0,319393174
XoJYSc,0.000000,1269,0,329879494
WZqjWq,0.000000,1309,0,340365814
XoJYSc,0.000000,1349,0,350852134
WZqjWq,0.000000,1394,0,362649244
XoJYSc,0.000000,1433,0,372873406
WZqjWq,0.000000,1476,0,384146200
XoJYSc,0.000000,1513,0,393846046
WZqjWq,0.000000,1553,0,404332366
XoJYSc,0.000000,1597,0,415867318
WZqjWq,0.000000,1637,0,426353638
XoJYSc,0.000000,1678,0,437102116
WZqjWq,0.000000,1727,0,449947858
XoJYSc,0.000000,1771,0,458944850
WZqjWq,0.000000,1811,0,469431170
XoJYSc,0.000000,1851,0,479917490
WZqjWq,0.000000,1891,0,490403810
XoJYSc,0.000000,1932,0,501152288
WZqjWq,0.000000,1975,0,512425082
XoJYSc,0.000000,2015,0,522911402
WZqjWq,0.000000,2058,0,534184196
XoJYSc,0.000000,2105,0,546505622
WZqjWq,0.000000,2138,0,555156836
XoJYSc,0.000000,2182,0,566691788
WZqjWq,0.000000,2229,0,579013214
XoJYSc,0.000000,2277,0,591596798
WZqjWq,0.000000,2323,0,603656066
XoJYSc,0.000000,2354,0,611782964
WZqjWq,0.000000,2403,0,624628706
XoJYSc,0.000000,2443,0,635115026
WZqjWq,0.000000,2477,0,644028398
XoJYSc,0.000000,2518,0,654776876
WZqjWq,0.000000,2557,0,665001038
XoJYSc,0.000000,2567,0,667622618
WZqjWq,0.000000,2567,0,667622618
XoJYSc,0.000000,2567,0,667622618
WZqjWq,0.000000,2567,0,667622618
XoJYSc,0.000000,2567,0,667622618
WZqjWq,0.000000,2567,0,667622618
XoJYSc,0.000000,2567,0,667622618
WZqjWq,0.000000,2567,0,667622618
XoJYSc,0.000000,2567,0,667622618
WZqjWq,0.000000,2567,0,667622618
XoJYSc,0.000000,2567,0,667622618
WZqjWq,0.000000,2567,0,667622618
XoJYSc,0.000000,2567,0,667622618
WZqjWq,0.000000,2567,0,667622618
XoJYSc,0.000000,2567,0,667622618
WZqjWq,0.000000,2567,0,667622618
XoJYSc,0.000000,2567,0,667622618
WZqjWq,0.000000,2567,0,667622618
XoJYSc,0.000000,2567,0,667622618
WZqjWq,0.000000,2567,0,667622618
XoJYSc,0.000000,2567,0,667622618
WZqjWq,0.000000,2567,0,667622618
XoJYSc,0.000000,2567,0,667622618
WZqjWq,0.000000,2567,0,667622618
XoJYSc,0.000000,2567,0,667622618
WZqjWq,0.000000,2608,0,678371096
XoJYSc,0.000000,2651,0,689643890
WZqjWq,0.000000,2699,0,702227474
XoJYSc,0.000000,2746,0,714548900
WZqjWq,0.000000,2791,0,726346010
XoJYSc,0.000000,2835,0,737880962
WZqjWq,0.000000,2885,0,750988862
XoJYSc,0.000000,2929,0,762523814
WZqjWq,0.000000,2975,0,774583082
XoJYSc,0.000000,3016,0,785331560
WZqjWq,0.000000,3059,0,796604354
XoJYSc,0.000000,3105,0,808663622
WZqjWq,0.000000,3149,0,820198574
XoJYSc,0.000000,3191,0,831209210
WZqjWq,0.000000,3223,0,839598266
XoJYSc,0.000000,3263,0,850084586
WZqjWq,0.000000,3313,0,863192486
XoJYSc,0.000000,3357,0,874727438
WZqjWq,0.000000,3397,0,885213758
XoJYSc,0.000000,3445,0,897797342
WZqjWq,0.000000,3487,0,908807978
XoJYSc,0.000000,3523,0,917737450
WZqjWq,0.000000,3563,0,928223770
XoJYSc,0.000000,3617,0,942380302
WZqjWq,0.000000,3658,0,953128780
XoJYSc,0.000000,3697,0,963352942
WZqjWq,0.000000,3727,0,971217682
XoJYSc,0.000000,3748,0,976723000
WZqjWq,0.000000,3787,0,986947162
XoJYSc,0.000000,3830,0,998219956
WZqjWq,0.000000,3838,0,1000237860
XoJYSc,0.000000,3838,0,1000237860
