id,debt_ratio,exchanges,bytes_sent,bytes_received
RJvu2J,0.000000,16,0,1395520
eTS5XC,0.000000,63,0,13716946
RJvu2J,0.000000,110,0,26038372
eTS5XC,0.000000,141,0,34165270
RJvu2J,0.000000,162,0,39670588
eTS5XC,0.000000,205,0,50943382
RJvu2J,0.000000,245,0,61429702
eTS5XC,0.000000,298,0,75324076
RJvu2J,0.000000,339,0,86072554
eTS5XC,0.000000,380,0,96821032
RJvu2J,0.000000,429,0,109666774
eTS5XC,0.000000,463,0,118580146
RJvu2J,0.000000,500,0,128279992
eTS5XC,0.000000,543,0,139552786
RJvu2J,0.000000,583,0,150039106
eTS5XC,0.000000,629,0,162098374
RJvu2J,0.000000,664,0,171273904
eTS5XC,0.000000,707,0,182546698
RJvu2J,0.000000,740,0,191197912
eTS5XC,0.000000,795,0,205616602
RJvu2J,0.000000,837,0,216627238
eTS5XC,0.000000,877,0,227113558
RJvu2J,0.000000,916,0,237337720
eTS5XC,0.000000,958,0,248348356
RJvu2J,0.000000,1001,0,259621150
eTS5XC,0.000000,1039,0,269583154
RJvu2J,0.000000,1044,0,270893944
eTS5XC,0.000000,1088,0,282428896
RJvu2J,0.000000,1134,0,294488164
eTS5XC,0.000000,1175,0,305236642
RJvu2J,0.000000,1221,0,317295910
eTS5XC,0.000000,1254,0,325947124
RJvu2J,0.000000,1294,0,336433444
eTS5XC,0.000000,1334,0,346919764
RJvu2J,0.000000,1378,0,358454716
eTS5XC,0.000000,1413,0,367630246
RJvu2J,0.000000,1450,0,377330092
eTS5XC,0.000000,1494,0,388865044
RJvu2J,0.000000,1543,0,401710786
eTS5XC,0.000000,1579,0,411148474
RJvu2J,0.000000,1625,0,423207742
eTS5XC,0.000000,1672,0,435529168
RJvu2J,0.000000,1717,0,447326278
eTS5XC,0.000000,1761,0,456323270
RJvu2J,0.000000,1801,0,466809590
eTS5XC,0.000000,1844,0,478082384
RJvu2J,0.000000,1885,0,488830862
eTS5XC,0.000000,1931,0,500890130
RJvu2J,0.000000,1975,0,512425082
eTS5XC,0.000000,2015,0,522911402
RJvu2J,0.000000,2056,0,533659880
eTS5XC,0.000000,2097,0,544408358
RJvu2J,0.000000,2139,0,555418994
eTS5XC,0.000000,2179,0,565905314
RJvu2J,0.000000,2219,0,576391634
eTS5XC,0.000000,2259,0,586877954
RJvu2J,0.000000,2299,0,597364274
eTS5XC,0.000000,2343,0,608899226
RJvu2J,0.000000,2383,0,619385546
eTS5XC,0.000000,2417,0,628298918
RJvu2J,0.000000,2457,0,638785238
eTS5XC,0.000000,2497,0,649271558
RJvu2J,0.000000,2517,0,654514718
eTS5XC,0.000000,2517,0,654514718
RJvu2J,0.000000,2517,0,654514718
eTS5XC,0.000000,2517,0,654514718
RJvu2J,0.000000,2517,0,654514718
eTS5XC,0.000000,2517,0,654514718
RJvu2J,0.000000,2517,0,654514718
eTS5XC,0.000000,2517,0,654514718
RJvu2J,0.000000,2517,0,654514718
eTS5XC,0.000000,2517,0,654514718
RJvu2J,0.000000,2517,0,654514718
eTS5XC,0.000000,2517,0,654514718
RJvu2J,0.000000,2517,0,654514718
eTS5XC,0.000000,2517,0,654514718
RJvu2J,0.000000,2517,0,654514718
eTS5XC,0.000000,2517,0,654514718
RJvu2J,0.000000,2517,0,654514718
eTS5XC,0.000000,2517,0,654514718
RJvu2J,0.000000,2517,0,654514718
eTS5XC,0.000000,2517,0,654514718
RJvu2J,0.000000,2517,0,654514718
eTS5XC,0.000000,2517,0,654514718
RJvu2J,0.000000,2517,0,654514718
eTS5XC,0.000000,2517,0,654514718
RJvu2J,0.000000,2517,0,654514718
eTS5XC,0.000000,2547,0,662379458
RJvu2J,0.000000,2577,0,670244198
eTS5XC,0.000000,2609,0,678633254
RJvu2J,0.000000,2648,0,688857416
eTS5XC,0.000000,2691,0,700130210
RJvu2J,0.000000,2728,0,709830056
eTS5XC,0.000000,2769,0,720578534
RJvu2J,0.000000,2815,0,732637802
eTS5XC,0.000000,2855,0,743124122
RJvu2J,0.000000,2909,0,757280654
eTS5XC,0.000000,2947,0,767242658
RJvu2J,0.000000,2990,0,778515452
eTS5XC,0.000000,3037,0,790836878
RJvu2J,0.000000,3074,0,800536724
eTS5XC,0.000000,3123,0,813382466
RJvu2J,0.000000,3153,0,821247206
eTS5XC,0.000000,3197,0,832782158
RJvu2J,0.000000,3243,0,844841426
eTS5XC,0.000000,3290,0,857162852
RJvu2J,0.000000,3327,0,866862698
eTS5XC,0.000000,3371,0,878397650
RJvu2J,0.000000,3413,0,889408286
eTS5XC,0.000000,3452,0,899632448
RJvu2J,0.000000,3487,0,908807978
eTS5XC,0.000000,3533,0,920359030
RJvu2J,0.000000,3573,0,930845350
eTS5XC,0.000000,3613,0,941331670
RJvu2J,0.000000,3661,0,953915254
eTS5XC,0.000000,3697,0,963352942
RJvu2J,0.000000,3745,0,975936526
eTS5XC,0.000000,3787,0,986947162
RJvu2J,0.000000,3827,0,997433482
eTS5XC,0.000000,3838,0,1000237860
