id,debt_ratio,exchanges,bytes_sent,bytes_received
WZqjWq,0.000000,0,0,0
Pdo1LX,0.000000,0,0,0
WZqjWq,0.000000,81,0,18435790
Pdo1LX,0.000000,0,0,0
WZqjWq,0.000000,171,0,42030010
Pdo1LX,0.000000,0,0,0
WZqjWq,0.000000,255,0,64051282
Pdo1LX,0.000000,0,0,0
WZqjWq,0.000000,355,0,90267082
Pdo1LX,0.000000,0,0,0
WZqjWq,0.000000,450,0,115172092
Pdo1LX,0.000000,0,0,0
WZqjWq,0.000000,549,0,141125734
Pdo1LX,0.000000,0,0,0
WZqjWq,0.000000,640,0,164982112
Pdo1LX,0.000000,0,0,0
WZqjWq,0.000000,727,0,187789858
Pdo1LX,0.000000,0,0,0
WZqjWq,0.000000,797,0,206140918
Pdo1LX,0.000000,0,0,0
WZqjWq,0.000000,857,0,221870398
Pdo1LX,0.000000,0,0,0
WZqjWq,0.000000,924,0,239434984
Pdo1LX,0.000000,0,0,0
WZqjWq,0.000000,1016,0,263553520
Pdo1LX,0.000000,0,0,0
WZqjWq,0.000000,1105,0,286885582
Pdo1LX,0.000000,0,0,0
WZqjWq,0.000000,1205,0,313101382
Pdo1LX,0.000000,0,0,0
WZqjWq,0.000000,1292,0,335909128
Pdo1LX,0.000000,0,0,0
WZqjWq,0.000000,1382,0,359503348
Pdo1LX,0.000000,0,0,0
WZqjWq,0.000000,1483,0,385981306
Pdo1LX,0.000000,0,0,0
WZqjWq,0.000000,1583,0,412197106
Pdo1LX,0.000000,0,0,0
WZqjWq,0.000000,1687,0,439461538
Pdo1LX,0.000000,0,0,0
WZqjWq,0.000000,1791,0,464188010
Pdo1LX,0.000000,0,0,0
WZqjWq,0.000000,1891,0,490403810
Pdo1LX,0.000000,0,0,0
WZqjWq,0.000000,1982,0,514260188
Pdo1LX,0.000000,0,0,0
WZqjWq,0.000000,2075,0,538640882
Pdo1LX,0.000000,0,0,0
WZqjWq,0.000000,2174,0,564594524
Pdo1LX,0.000000,0,0,0
WZqjWq,0.000000,2269,0,589499534
Pdo1LX,0.000000,0,0,0
WZqjWq,0.000000,2353,0,611520806
Pdo1LX,0.000000,0,0,0
WZqjWq,0.000000,2445,0,635639342
Pdo1LX,0.000000,0,0,0
WZqjWq,0.000000,2537,0,659757878
Pdo1LX,0.000000,0,0,0
WZqjWq,0.000000,2631,0,684400730
Pdo1LX,0.000000,0,0,0
WZqjWq,0.000000,2721,0,707994950
Pdo1LX,0.000000,0,0,0
WZqjWq,0.000000,2815,0,732637802
Pdo1LX,0.000000,0,0,0
WZqjWq,0.000000,2915,0,758853602
Pdo1LX,0.000000,0,0,0
WZqjWq,0.000000,3000,0,781137032
Pdo1LX,0.000000,0,0,0
WZqjWq,0.000000,3095,0,806042042
Pdo1LX,0.000000,0,0,0
WZqjWq,0.000000,3193,0,831733526
Pdo1LX,0.000000,0,0,0
WZqjWq,0.000000,3293,0,857949326
Pdo1LX,0.000000,0,0,0
WZqjWq,0.000000,3387,0,882592178
Pdo1LX,0.000000,0,0,0
WZqjWq,0.000000,3487,0,908807978
Pdo1LX,0.000000,0,0,0
WZqjWq,0.000000,3543,0,922980610
Pdo1LX,0.000000,0,0,0
WZqjWq,0.000000,3543,0,922980610
Pdo1LX,0.000000,0,0,0
WZqjWq,0.000000,3543,0,922980610
Pdo1LX,0.000000,0,0,0
WZqjWq,0.000000,3543,0,922980610
Pdo1LX,0.000000,0,0,0
WZqjWq,0.000000,3543,0,922980610
Pdo1LX,0.000000,0,0,0
WZqjWq,0.000000,3543,0,922980610
Pdo1LX,0.000000,0,0,0
WZqjWq,0.000000,3543,0,922980610
Pdo1LX,0.000000,0,0,0
WZqjWq,0.000000,3543,0,922980610
Pdo1LX,0.000000,0,0,0
WZqjWq,0.000000,3543,0,922980610
Pdo1LX,0.000000,0,0,0
WZqjWq,0.000000,3543,0,922980610
Pdo1LX,0.000000,0,0,0
WZqjWq,0.000000,3543,0,922980610
Pdo1LX,0.000000,0,0,0
WZqjWq,0.000000,3543,0,922980610
Pdo1LX,0.000000,0,0,0
WZqjWq,0.000000,3543,0,922980610
Pdo1LX,0.000000,0,0,0
WZqjWq,0.000000,3543,0,922980610
Pdo1LX,0.000000,0,0,0
WZqjWq,0.000000,3543,0,922980610
Pdo1LX,0.000000,0,0,0
WZqjWq,0.000000,3543,0,922980610
Pdo1LX,0.000000,0,0,0
WZqjWq,0.000000,3543,0,922980610
Pdo1LX,0.000000,0,0,0
WZqjWq,0.000000,3641,0,948672094
Pdo1LX,0.000000,0,0,0
WZqjWq,0.000000,3727,0,971217682
Pdo1LX,0.000000,0,0,0
WZqjWq,0.000000,3827,0,997433482
Pdo1LX,0.000000,0,0,0
