id,debt_ratio,exchanges,bytes_sent,bytes_received
RJvu2J,0.000000,20,0,2444152
eGin9X,0.000000,0,0,0
RJvu2J,0.000000,111,0,26300530
eGin9X,0.000000,0,0,0
RJvu2J,0.000000,207,0,51467698
eGin9X,0.000000,0,0,0
RJvu2J,0.000000,312,0,78994288
eGin9X,0.000000,0,0,0
RJvu2J,0.000000,399,0,101802034
eGin9X,0.000000,0,0,0
RJvu2J,0.000000,509,0,130639414
eGin9X,0.000000,0,0,0
RJvu2J,0.000000,597,0,153709318
eGin9X,0.000000,0,0,0
RJvu2J,0.000000,695,0,179400802
eGin9X,0.000000,0,0,0
RJvu2J,0.000000,787,0,203519338
eGin9X,0.000000,0,0,0
RJvu2J,0.000000,885,0,229210822
eGin9X,0.000000,0,0,0
RJvu2J,0.000000,983,0,254902306
eGin9X,0.000000,0,0,0
RJvu2J,0.000000,1075,0,279020842
eGin9X,0.000000,0,0,0
RJvu2J,0.000000,1165,0,302615062
eGin9X,0.000000,0,0,0
RJvu2J,0.000000,1259,0,327257914
eGin9X,0.000000,0,0,0
RJvu2J,0.000000,1356,0,352687240
eGin9X,0.000000,0,0,0
RJvu2J,0.000000,1443,0,375494986
eGin9X,0.000000,0,0,0
RJvu2J,0.000000,1533,0,399089206
eGin9X,0.000000,0,0,0
RJvu2J,0.000000,1637,0,426353638
eGin9X,0.000000,0,0,0
RJvu2J,0.000000,1730,0,450734332
eGin9X,0.000000,0,0,0
RJvu2J,0.000000,1839,0,476771594
eGin9X,0.000000,0,0,0
RJvu2J,0.000000,1926,0,499579340
eGin9X,0.000000,0,0,0
RJvu2J,0.000000,2016,0,523173560
eGin9X,0.000000,0,0,0
RJvu2J,0.000000,2109,0,547554254
eGin9X,0.000000,0,0,0
RJvu2J,0.000000,2209,0,573770054
eGin9X,0.000000,0,0,0
RJvu2J,0.000000,2303,0,598412906
eGin9X,0.000000,0,0,0
RJvu2J,0.000000,2403,0,624628706
eGin9X,0.000000,0,0,0
RJvu2J,0.000000,2505,0,651368822
eGin9X,0.000000,0,0,0
RJvu2J,0.000000,2605,0,677584622
eGin9X,0.000000,0,0,0
RJvu2J,0.000000,2702,0,703013948
eGin9X,0.000000,0,0,0
RJvu2J,0.000000,2801,0,728967590
eGin9X,0.000000,0,0,0
RJvu2J,0.000000,2895,0,753610442
eGin9X,0.000000,0,0,0
RJvu2J,0.000000,2975,0,774583082
eGin9X,0.000000,0,0,0
RJvu2J,0.000000,3069,0,799225934
eGin9X,0.000000,0,0,0
RJvu2J,0.000000,3173,0,826490366
eGin9X,0.000000,0,0,0
RJvu2J,0.000000,3264,0,850346744
eGin9X,0.000000,0,0,0
RJvu2J,0.000000,3365,0,876824702
eGin9X,0.000000,0,0,0
RJvu2J,0.000000,3457,0,900943238
eGin9X,0.000000,0,0,0
RJvu2J,0.000000,3501,0,912478190
eGin9X,0.000000,0,0,0
RJvu2J,0.000000,3501,0,912478190
eGin9X,0.000000,0,0,0
RJvu2J,0.000000,3503,0,912494290
eGin9X,0.000000,0,0,0
RJvu2J,0.000000,3503,0,912494290
eGin9X,0.000000,0,0,0
RJvu2J,0.000000,3503,0,912494290
eGin9X,0.000000,0,0,0
RJvu2J,0.000000,3503,0,912494290
eGin9X,0.000000,0,0,0
RJvu2J,0.000000,3503,0,912494290
eGin9X,0.000000,0,0,0
RJvu2J,0.000000,3503,0,912494290
eGin9X,0.000000,0,0,0
RJvu2J,0.000000,3503,0,912494290
eGin9X,0.000000,0,0,0
RJvu2J,0.000000,3503,0,912494290
eGin9X,0.000000,0,0,0
RJvu2J,0.000000,3503,0,912494290
eGin9X,0.000000,0,0,0
RJvu2J,0.000000,3503,0,912494290
eGin9X,0.000000,0,0,0
RJvu2J,0.000000,3503,0,912494290
eGin9X,0.000000,0,0,0
RJvu2J,0.000000,3503,0,912494290
eGin9X,0.000000,0,0,0
RJvu2J,0.000000,3503,0,912494290
eGin9X,0.000000,0,0,0
RJvu2J,0.000000,3503,0,912494290
eGin9X,0.000000,0,0,0
RJvu2J,0.000000,3511,0,914591554
eGin9X,0.000000,0,0,0
RJvu2J,0.000000,3604,0,938972248
eGin9X,0.000000,0,0,0
RJvu2J,0.000000,3706,0,965712364
eGin9X,0.000000,0,0,0
RJvu2J,0.000000,3798,0,989830900
eGin9X,0.000000,0,0,0
