id,debt_ratio,exchanges,bytes_sent,bytes_received
au6v9B,0.000000,0,0,0
RU4LEA,0.000000,34,0,6114364
au6v9B,0.000000,79,0,17911474
RU4LEA,0.000000,131,0,31543690
au6v9B,0.000000,170,0,41767852
RU4LEA,0.000000,205,0,50943382
au6v9B,0.000000,245,0,61429702
RU4LEA,0.000000,287,0,72440338
au6v9B,0.000000,329,0,83450974
RU4LEA,0.000000,369,0,93937294
au6v9B,0.000000,407,0,103899298
RU4LEA,0.000000,449,0,114909934
au6v9B,0.000000,489,0,125396254
RU4LEA,0.000000,529,0,135882574
au6v9B,0.000000,563,0,144795946
RU4LEA,0.000000,603,0,155282266
au6v9B,0.000000,643,0,165768586
RU4LEA,0.000000,683,0,176254906
au6v9B,0.000000,717,0,185168278
RU4LEA,0.000000,757,0,195654598
au6v9B,0.000000,796,0,205878760
RU4LEA,0.000000,837,0,216627238
au6v9B,0.000000,883,0,228686506
RU4LEA,0.000000,934,0,242056564
au6v9B,0.000000,981,0,254377990
RU4LEA,0.000000,1031,0,267485890
au6v9B,0.000000,1070,0,277710052
RU4LEA,0.000000,1112,0,288720688
au6v9B,0.000000,1155,0,299993482
RU4LEA,0.000000,1199,0,311528434
au6v9B,0.000000,1243,0,323063386
RU4LEA,0.000000,1282,0,333287548
au6v9B,0.000000,1320,0,343249552
RU4LEA,0.000000,1369,0,356095294
au6v9B,0.000000,1413,0,367630246
RU4LEA,0.000000,1461,0,380213830
au6v9B,0.000000,1512,0,393583888
RU4LEA,0.000000,1553,0,404332366
au6v9B,0.000000,1595,0,415343002
RU4LEA,0.000000,1647,0,428975218
au6v9B,0.000000,1687,0,439461538
RU4LEA,0.000000,1737,0,452569438
au6v9B,0.000000,1775,0,459993482
RU4LEA,0.000000,1817,0,471004118
au6v9B,0.000000,1857,0,481490438
RU4LEA,0.000000,1896,0,491714600
au6v9B,0.000000,1935,0,501938762
RU4LEA,0.000000,1985,0,515046662
au6v9B,0.000000,2025,0,525532982
RU4LEA,0.000000,2069,0,537067934
au6v9B,0.000000,2111,0,548078570
RU4LEA,0.000000,2150,0,558302732
au6v9B,0.000000,2189,0,568526894
RU4LEA,0.000000,2229,0,579013214
au6v9B,0.000000,2273,0,590548166
RU4LEA,0.000000,2313,0,601034486
au6v9B,0.000000,2349,0,610472174
RU4LEA,0.000000,2395,0,622531442
au6v9B,0.000000,2443,0,635115026
RU4LEA,0.000000,2477,0,644028398
au6v9B,0.000000,2517,0,654514718
RU4LEA,0.000000,2567,0,667622618
au6v9B,0.000000,2577,0,670244198
RU4LEA,0.000000,2587,0,672865778
au6v9B,0.000000,2587,0,672865778
RU4LEA,0.000000,2587,0,672865778
au6v9B,0.000000,2587,0,672865778
RU4LEA,0.000000,2587,0,672865778
au6v9B,0.000000,2587,0,672865778
RU4LEA,0.000000,2587,0,672865778
au6v9B,0.000000,2587,0,672865778
RU4LEA,0.000000,2587,0,672865778
au6v9B,0.000000,2587,0,672865778
RU4LEA,0.000000,2587,0,672865778
au6v9B,0.000000,2587,0,672865778
RU4LEA,0.000000,2587,0,672865778
au6v9B,0.000000,2587,0,672865778
RU4LEA,0.000000,2587,0,672865778
au6v9B,0.000000,2587,0,672865778
RU4LEA,0.000000,2587,0,672865778
au6v9B,0.000000,2587,0,672865778
RU4LEA,0.000000,2587,0,672865778
au6v9B,0.000000,2587,0,672865778
RU4LEA,0.000000,2587,0,672865778
au6v9B,0.000000,2587,0,672865778
RU4LEA,0.000000,2587,0,672865778
au6v9B,0.000000,2587,0,672865778
RU4LEA,0.000000,2607,0,678108938
au6v9B,0.000000,2651,0,689643890
RU4LEA,0.000000,2701,0,702751790
au6v9B,0.000000,2741,0,713238110
RU4LEA,0.000000,2780,0,723462272
au6v9B,0.000000,2815,0,732637802
RU4LEA,0.000000,2865,0,745745702
au6v9B,0.000000,2905,0,756232022
RU4LEA,0.000000,2955,0,769339922
au6v9B,0.000000,2990,0,778515452
RU4LEA,0.000000,3030,0,789001772
au6v9B,0.000000,3069,0,799225934
RU4LEA,0.000000,3109,0,809712254
au6v9B,0.000000,3149,0,820198574
RU4LEA,0.000000,3193,0,831733526
au6v9B,0.000000,3223,0,839598266
RU4LEA,0.000000,3263,0,850084586
au6v9B,0.000000,3303,0,860570906
RU4LEA,0.000000,3346,0,871843700
au6v9B,0.000000,3384,0,881805704
RU4LEA,0.000000,3432,0,894389288
au6v9B,0.000000,3477,0,906186398
RU4LEA,0.000000,3514,0,915378028
au6v9B,0.000000,3561,0,927699454
RU4LEA,0.000000,3605,0,939234406
au6v9B,0.000000,3653,0,951817990
RU4LEA,0.000000,3697,0,963352942
au6v9B,0.000000,3742,0,975150052
RU4LEA,0.000000,3792,0,988257952
au6v9B,0.000000,3830,0,998219956
RU4LEA,0.000000,3838,0,1000237860
