id,debt_ratio,exchanges,bytes_sent,bytes_received
VvWgeA,25.752015,30,2181994,84730
RF8se6,0.980128,121,12930472,13192630
VvWgeA,1.124372,158,18960106,16862842
RF8se6,1.067749,235,28922110,27087004
VvWgeA,1.031665,278,34165270,33116638
RF8se6,1.023485,366,45700222,44651590
VvWgeA,1.033647,384,48321802,46748854
RF8se6,1.041993,459,58545964,56186542
VvWgeA,0.995732,489,61167544,61429702
RF8se6,1.037832,560,71916022,69294442
VvWgeA,0.975972,597,74537602,76372708
RF8se6,1.031814,660,85023922,82402342
VvWgeA,0.988383,706,89218450,90267082
RF8se6,1.021898,760,97869664,95772400
VvWgeA,1.015694,792,101802034,100229086
RF8se6,1.024490,848,109666774,107045194
VvWgeA,1.004584,896,114909934,114385618
RF8se6,1.019637,947,122512516,120153094
VvWgeA,0.991707,982,125396254,126444886
RF8se6,1.000000,1018,130639414,130639414
VvWgeA,0.988424,1052,134309626,135882574
RF8se6,0.981561,1096,139552786,142174366
VvWgeA,0.982527,1156,147417526,150039106
RF8se6,1.000000,1186,152660686,152660686
VvWgeA,0.982036,1235,157641688,160525426
RF8se6,1.015815,1296,168390166,165768586
VvWgeA,0.986411,1337,171273904,173633326
RF8se6,0.994256,1410,181498066,182546698
VvWgeA,1.000000,1406,181498066,181498066
RF8se6,0.985842,1424,182546698,185168278
VvWgeA,0.994256,1410,181498066,182546698
RF8se6,1.000000,1434,185168278,185168278
VvWgeA,0.994256,1410,181498066,182546698
RF8se6,1.000000,1434,185168278,185168278
VvWgeA,0.994256,1410,181498066,182546698
RF8se6,0.986040,1444,185168278,187789858
VvWgeA,1.000000,1414,182546698,182546698
RF8se6,0.986040,1444,185168278,187789858
VvWgeA,1.000000,1414,182546698,182546698
RF8se6,0.986040,1444,185168278,187789858
VvWgeA,0.985842,1424,182546698,185168278
RF8se6,0.986040,1444,185168278,187789858
VvWgeA,0.985842,1424,182546698,185168278
RF8se6,0.986040,1444,185168278,187789858
VvWgeA,0.985842,1424,182546698,185168278
RF8se6,0.986040,1444,185168278,187789858
VvWgeA,0.985842,1424,182546698,185168278
RF8se6,0.986040,1444,185168278,187789858
VvWgeA,0.985842,1424,182546698,185168278
RF8se6,0.986232,1464,187789858,190411438
VvWgeA,1.000000,1434,185168278,185168278
RF8se6,0.986232,1464,187789858,190411438
VvWgeA,1.000000,1434,185168278,185168278
RF8se6,0.986232,1464,187789858,190411438
VvWgeA,0.986040,1444,185168278,187789858
RF8se6,1.000000,1474,190411438,190411438
VvWgeA,0.989106,1482,190411438,192508702
RF8se6,1.000000,1574,203519338,203519338
VvWgeA,1.005074,1602,207713866,206665234
RF8se6,1.000000,1694,219248818,219248818
VvWgeA,0.997637,1712,221346082,221870398
RF8se6,1.001112,1821,236026930,235764772
VvWgeA,1.000000,1822,236026930,236026930
RF8se6,0.989477,1912,246513250,249134830
VvWgeA,0.989477,1912,246513250,249134830
RF8se6,1.000000,2002,259621150,259621150
VvWgeA,0.997970,1990,257786044,258310360
RF8se6,0.993297,2103,271942576,273777682
VvWgeA,0.998059,2080,269583154,270107470
RF8se6,1.000000,2190,284264002,284264002
VvWgeA,0.985190,2166,279020842,283215370
RF8se6,0.991184,2280,294750322,297371902
VvWgeA,0.989346,2262,292128742,295274638
RF8se6,0.991556,2380,307858222,310479802
VvWgeA,0.982969,2350,302615062,307858222
RF8se6,0.996717,2454,318344542,319393174
VvWgeA,0.980461,2454,315722962,322014754
RF8se6,0.984355,2558,329879494,335122654
VvWgeA,0.979661,2552,328306546,335122654
RF8se6,0.987154,2651,342463078,346919764
VvWgeA,0.978889,2646,340365814,347706238
RF8se6,0.991908,2729,353473714,356357452
VvWgeA,0.979685,2750,353998030,361338454
RF8se6,0.992869,2816,365008666,367630246
VvWgeA,0.985938,2846,367630246,372873406
RF8se6,0.992426,2915,377854408,380738146
VvWgeA,0.986416,2946,380738146,385981306
RF8se6,0.999330,3005,390962308,391224466
VvWgeA,0.975169,3044,391224466,401186470
RF8se6,0.990262,3087,399875680,403808050
VvWgeA,0.971909,3110,399089206,410624158
RF8se6,0.985492,3169,409575526,415605160
VvWgeA,0.972608,3190,409575526,421110478
RF8se6,0.976749,3252,418488898,428450902
VvWgeA,0.959719,3281,418488898,436053484
RF8se6,0.972129,3347,429761692,442083118
VvWgeA,0.964061,3355,428975218,444966856
RF8se6,0.975092,3431,441296644,452569438
VvWgeA,0.964868,3433,439199380,455191018
RF8se6,0.974970,3528,452569438,464188010
VvWgeA,0.962588,3510,447326278,464712326
RF8se6,0.970340,3628,463139378,477295910
VvWgeA,0.952919,3608,456323270,478868858
RF8se6,0.978502,3722,477295910,487782230
VvWgeA,0.954658,3705,469169012,491452442
RF8se6,0.977459,3813,488830862,500103656
VvWgeA,0.948455,3783,477558068,503511710
RF8se6,0.979494,3902,500890130,511376450
VvWgeA,0.946319,3884,489879494,517668242
RF8se6,0.979946,3990,512425082,522911402
VvWgeA,0.941224,3971,499579340,530776142
RF8se6,0.980437,4090,525532982,536019302
VvWgeA,0.940713,4067,511638608,543884042
RF8se6,0.984752,4206,541786778,550175834
VvWgeA,0.939612,4152,522124928,555681152
RF8se6,0.988338,4303,555418994,561972944
VvWgeA,0.933904,4254,533397722,571148474
RF8se6,0.989054,4402,568526894,574818686
VvWgeA,0.933833,4337,543884042,582421268
RF8se6,0.996855,4485,581634794,583469900
VvWgeA,0.927960,4403,550437992,593169746
RF8se6,0.995553,4528,586877954,589499534
VvWgeA,0.927475,4479,559875680,603656066
RF8se6,1.000000,4626,601034486,601034486
VvWgeA,0.924397,4597,573770054,620696336
RF8se6,0.999575,4743,616239650,616501808
VvWgeA,0.921041,4712,587140112,637474448
RF8se6,0.997095,4853,629871866,631706972
VvWgeA,0.920407,4818,600248012,652155296
RF8se6,1.001624,4970,646649978,645601346
VvWgeA,0.919579,4910,611520806,665001038
RF8se6,1.001999,5049,657136298,655825508
VvWgeA,0.919400,4994,622007126,676535990
RF8se6,1.000392,5145,669195566,668933408
VvWgeA,0.917703,5074,631444814,688070942
RF8se6,1.000000,5194,675487358,675487358
VvWgeA,0.913657,5094,632493446,692265470
RF8se6,1.000000,5214,678108938,678108938
VvWgeA,0.913983,5114,635115026,694887050
RF8se6,1.000000,5234,680730518,680730518
VvWgeA,0.914306,5134,637736606,697508630
RF8se6,1.000000,5262,684400730,684400730
VvWgeA,0.912381,5148,638785238,700130210
RF8se6,1.000000,5262,684400730,684400730
VvWgeA,0.916125,5158,641406818,700130210
RF8se6,1.003830,5272,687022310,684400730
VvWgeA,0.916125,5158,641406818,700130210
RF8se6,1.000000,5282,687022310,687022310
VvWgeA,0.914573,5173,642717608,702751790
RF8se6,1.000000,5302,689643890,689643890
VvWgeA,0.914391,5184,644028398,704324738
RF8se6,1.000000,5302,689643890,689643890
VvWgeA,0.913032,5188,644028398,705373370
RF8se6,1.000000,5322,692265470,692265470
VvWgeA,0.916748,5198,646649978,705373370
RF8se6,1.000000,5322,692265470,692265470
VvWgeA,0.914835,5212,647698610,707994950
RF8se6,1.000000,5342,694887050,694887050
VvWgeA,0.917057,5218,649271558,707994950
RF8se6,1.000000,5342,694887050,694887050
VvWgeA,0.917057,5218,649271558,707994950
RF8se6,1.003773,5352,697508630,694887050
VvWgeA,0.914411,5230,649795874,710616530
RF8se6,1.000000,5362,697508630,697508630
VvWgeA,0.916686,5240,651893138,711140846
RF8se6,1.000000,5362,697508630,697508630
VvWgeA,0.913991,5248,651893138,713238110
RF8se6,1.003758,5372,700130210,697508630
VvWgeA,0.915829,5253,653203928,713238110
RF8se6,1.000000,5382,700130210,700130210
VvWgeA,0.917666,5258,654514718,713238110
RF8se6,1.000000,5382,700130210,700130210
VvWgeA,0.914306,5268,654514718,715859690
RF8se6,1.000000,5382,700130210,700130210
VvWgeA,0.914306,5268,654514718,715859690
RF8se6,1.003744,5392,702751790,700130210
VvWgeA,0.914306,5268,654514718,715859690
RF8se6,1.000000,5402,702751790,702751790
VvWgeA,0.914619,5288,657136298,718481270
RF8se6,1.002984,5410,704849054,702751790
VvWgeA,0.914619,5288,657136298,718481270
RF8se6,1.000000,5422,705373370,705373370
VvWgeA,0.914929,5308,659757878,721102850
RF8se6,1.000000,5422,705373370,705373370
VvWgeA,0.914929,5308,659757878,721102850
RF8se6,1.000000,5442,707994950,707994950
VvWgeA,0.911615,5318,659757878,723724430
RF8se6,0.998893,5459,709830056,710616530
VvWgeA,0.911934,5338,662379458,726346010
RF8se6,1.000000,5462,710616530,710616530
VvWgeA,0.911934,5338,662379458,726346010
RF8se6,1.000000,5462,710616530,710616530
VvWgeA,0.910812,5354,663952406,728967590
RF8se6,0.996338,5492,713238110,715859690
VvWgeA,0.910940,5362,665001038,730016222
RF8se6,0.996338,5492,713238110,715859690
VvWgeA,0.910940,5362,665001038,730016222
RF8se6,0.996351,5512,715859690,718481270
VvWgeA,0.914531,5372,667622618,730016222
RF8se6,0.996351,5512,715859690,718481270
VvWgeA,0.911259,5382,667622618,732637802
RF8se6,0.992729,5522,715859690,721102850
VvWgeA,0.914837,5392,670244198,732637802
RF8se6,0.996364,5532,718481270,721102850
VvWgeA,0.914837,5392,670244198,732637802
RF8se6,0.996364,5532,718481270,721102850
VvWgeA,0.914837,5392,670244198,732637802
RF8se6,0.995284,5541,719267744,722675798
VvWgeA,0.915141,5412,672865778,735259382
RF8se6,0.996378,5552,721102850,723724430
VvWgeA,0.911889,5422,672865778,737880962
RF8se6,0.996391,5572,723724430,726346010
VvWgeA,0.915117,5433,675487358,738143120
RF8se6,0.992807,5582,723724430,728967590
VvWgeA,0.912555,5443,675749516,740502542
RF8se6,0.996404,5592,726346010,728967590
VvWgeA,0.915742,5452,678108938,740502542
RF8se6,0.994972,5596,726346010,730016222
VvWgeA,0.912511,5462,678108938,743124122
RF8se6,0.994972,5596,726346010,730016222
VvWgeA,0.916039,5472,680730518,743124122
RF8se6,0.994990,5616,728967590,732637802
VvWgeA,0.915716,5473,680730518,743386280
RF8se6,0.994990,5616,728967590,732637802
VvWgeA,0.912819,5482,680730518,745745702
RF8se6,0.996065,5621,730016222,732899960
VvWgeA,0.914525,5506,684400730,748367282
RF8se6,0.991196,5695,737880962,744434912
VvWgeA,0.909423,5606,694887050,764096762
RF8se6,0.995843,5802,753610442,756756338
VvWgeA,0.910341,5687,705373370,774845240
RF8se6,0.995560,5883,764096762,767504816
VvWgeA,0.909686,5771,715597532,786642350
RF8se6,0.996643,5988,778253294,780874874
VvWgeA,0.907088,5870,726870326,801323198
RF8se6,0.997027,6087,791361194,793720616
VvWgeA,0.905784,5927,733424276,809712254
RF8se6,0.996731,6148,799225934,801847514
VvWgeA,0.902833,5994,740502542,820198574
RF8se6,0.996773,6228,809712254,812333834
VvWgeA,0.902613,6058,748367282,829111946
RF8se6,0.993607,6278,814955414,820198574
VvWgeA,0.905229,6112,756232022,835403738
RF8se6,0.994966,6382,829111946,833306474
VvWgeA,0.906816,6241,773010134,852444008
RF8se6,0.996907,6496,844841426,847463006
VvWgeA,0.906854,6346,786118034,866862698
RF8se6,0.993944,6626,860570906,865814066
VvWgeA,0.906435,6459,800012408,882592178
RF8se6,0.994637,6736,875251754,879970598
VvWgeA,0.906653,6536,809712254,893078498
RF8se6,0.997056,6824,887835338,890456918
VvWgeA,0.905427,6629,820722890,906448556
RF8se6,0.995355,6914,898845974,903040502
VvWgeA,0.904287,6709,829898420,917737450
RF8se6,0.997989,6995,910643084,912478190
VvWgeA,0.903756,6789,839598266,929010244
RF8se6,0.997160,7076,920359030,922980610
VvWgeA,0.900948,6876,849035954,942380302
RF8se6,0.997192,7156,930845350,933466930
VvWgeA,0.897811,6971,859260116,957061150
RF8se6,0.997507,7257,944215408,946574830
VvWgeA,0.898757,7058,870532910,968596102
RF8se6,0.998906,7350,957061150,958109782
VvWgeA,0.898290,7136,879970598,979606738
RF8se6,0.998919,7438,968596102,969644734
VvWgeA,0.895881,7218,888883970,992190322
RF8se6,0.992809,7527,977247316,984325582
VvWgeA,0.900729,7295,900943238,1000237860
RF8se6,0.991430,7643,991666006,1000237860
VvWgeA,0.913850,7347,914067238,1000237860
RF8se6,1.000000,7676,1000237860,1000237860
VvWgeA,0.928527,7403,928748086,1000237860
RF8se6,1.000000,7676,1000237860,1000237860
VvWgeA,0.948971,7481,949196410,1000237860
RF8se6,1.000000,7676,1000237860,1000237860
VvWgeA,0.968366,7555,968596102,1000237860
RF8se6,1.000000,7676,1000237860,1000237860
VvWgeA,0.986712,7625,986947162,1000237860
RF8se6,1.000000,7676,1000237860,1000237860
VvWgeA,1.000000,7676,1000237860,1000237860
RF8se6,1.000000,7676,1000237860,1000237860
