id,debt_ratio,exchanges,bytes_sent,bytes_received
atDmPG,0.000000,0,0,0
WkMWyw,1.492048,72,7949470,5327890
atDmPG,1.459790,123,15814210,10833208
WkMWyw,1.084010,195,23678950,21843844
atDmPG,1.194967,224,28922110,24203266
WkMWyw,1.071264,312,39408430,36786850
atDmPG,1.196735,334,44651590,37311166
WkMWyw,1.051461,420,53564962,50943382
atDmPG,1.102921,430,56186542,50943382
WkMWyw,1.012279,513,64837756,64051282
atDmPG,1.106690,515,67983652,61429702
WkMWyw,1.020882,602,76897024,75324076
atDmPG,1.066825,609,79518604,74537602
WkMWyw,1.023929,698,89742766,87645502
atDmPG,1.061667,690,90267082,85023922
WkMWyw,1.000000,798,101802034,101802034
atDmPG,1.111631,778,104423614,93937294
WkMWyw,0.995458,900,114909934,115434250
atDmPG,1.097962,878,117531514,107045194
WkMWyw,0.981903,1007,128017834,130377256
atDmPG,1.083276,997,132998836,122774674
WkMWyw,0.981561,1096,139552786,142174366
atDmPG,1.065596,1092,144795946,135882574
WkMWyw,1.000000,1186,152660686,152660686
atDmPG,1.071133,1186,157903846,147417526
WkMWyw,0.972064,1292,164195638,168914482
atDmPG,1.057630,1271,168390166,159214636
WkMWyw,0.962227,1372,173633326,180449434
atDmPG,1.053654,1361,180187276,171011746
WkMWyw,0.970122,1472,187265542,193033018
atDmPG,1.053136,1451,192246544,182546698
WkMWyw,0.969244,1558,198276178,204567970
atDmPG,1.039666,1564,206140918,198276178
WkMWyw,0.964129,1664,211384078,219248818
atDmPG,1.047127,1672,221346082,211384078
WkMWyw,0.973043,1778,227113558,233405350
atDmPG,1.027703,1778,233405350,227113558
WkMWyw,0.970160,1870,238648510,245988934
atDmPG,1.032955,1872,246513250,238648510
WkMWyw,0.979599,1962,251756410,256999570
atDmPG,1.020826,1962,256999570,251756410
WkMWyw,0.983452,2059,264864310,269320996
atDmPG,1.019796,2062,270107470,264864310
WkMWyw,0.981384,2150,276399262,281642422
atDmPG,1.036042,2168,286361266,276399262
WkMWyw,0.965618,2251,287147740,297371902
atDmPG,1.036552,2250,297371902,286885582
WkMWyw,0.964537,2348,299469166,310479802
atDmPG,1.018208,2349,307858222,302352904
WkMWyw,0.972320,2444,313101382,322014754
atDmPG,1.017539,2437,319393174,313887856
WkMWyw,0.961190,2548,324636334,337744234
atDmPG,1.017652,2536,332501074,326733598
WkMWyw,0.972816,2634,337744234,347181922
atDmPG,1.014748,2617,342725236,337744234
WkMWyw,0.977345,2727,350589976,358716874
atDmPG,1.022585,2708,356095294,348230554
WkMWyw,0.980033,2798,360289822,367630246
atDmPG,1.010157,2792,365008666,361338454
WkMWyw,0.977168,2879,370251826,378903040
atDmPG,1.020945,2916,383359726,375494986
WkMWyw,0.976445,3042,391224466,400662154
atDmPG,1.026804,3046,401710786,391224466
WkMWyw,0.979802,3158,406953946,415343002
atDmPG,1.023881,3157,415867318,406167472
WkMWyw,0.978831,3293,424256374,433431904
atDmPG,1.024431,3253,428713060,418488898
WkMWyw,0.989376,3392,439461538,444180382
atDmPG,1.019556,3326,437364274,428975218
WkMWyw,0.994241,3484,452569438,455191018
atDmPG,1.020307,3404,447850594,438937222
WkMWyw,0.993788,3571,461304272,464188010
atDmPG,1.017559,3473,456248012,448374910
WkMWyw,0.990081,3652,471004118,475722962
atDmPG,1.017738,3567,466285274,458158376
WkMWyw,0.994596,3732,482539070,485160650
atDmPG,1.011734,3641,474674330,469169012
WkMWyw,0.995262,3831,495646970,498006392
atDmPG,1.016478,3712,485160650,477295910
WkMWyw,0.994810,3884,502463078,505084658
atDmPG,1.016211,3772,493025390,485160650
WkMWyw,0.994910,3960,512425082,515046662
atDmPG,1.010130,3811,496695602,491714600
WkMWyw,1.001004,4028,522911402,522387086
atDmPG,1.010446,3890,507181922,501938762
WkMWyw,1.000000,4070,528154562,528154562
atDmPG,1.010392,3910,509803502,504560342
WkMWyw,1.000000,4090,530776142,530776142
atDmPG,1.010392,3910,509803502,504560342
WkMWyw,1.000000,4090,530776142,530776142
atDmPG,1.010392,3910,509803502,504560342
WkMWyw,1.000000,4110,533397722,533397722
atDmPG,1.010338,3930,512425082,507181922
WkMWyw,1.000000,4110,533397722,533397722
atDmPG,1.005142,3940,512425082,509803502
WkMWyw,1.000000,4110,533397722,533397722
atDmPG,1.005142,3940,512425082,509803502
WkMWyw,0.995109,4120,533397722,536019302
atDmPG,1.005142,3940,512425082,509803502
WkMWyw,0.995109,4120,533397722,536019302
atDmPG,1.005142,3940,512425082,509803502
WkMWyw,1.000000,4130,536019302,536019302
atDmPG,1.010285,3950,515046662,509803502
WkMWyw,1.000000,4130,536019302,536019302
atDmPG,1.010285,3950,515046662,509803502
WkMWyw,1.000000,4130,536019302,536019302
atDmPG,1.010285,3950,515046662,509803502
WkMWyw,1.000000,4130,536019302,536019302
atDmPG,1.010285,3950,515046662,509803502
WkMWyw,1.000000,4130,536019302,536019302
atDmPG,1.010285,3950,515046662,509803502
WkMWyw,1.000000,4130,536019302,536019302
atDmPG,1.005116,3960,515046662,512425082
WkMWyw,0.995133,4140,536019302,538640882
atDmPG,1.005116,3960,515046662,512425082
WkMWyw,0.995133,4140,536019302,538640882
atDmPG,1.005116,3960,515046662,512425082
WkMWyw,0.995133,4140,536019302,538640882
atDmPG,1.010232,3970,517668242,512425082
WkMWyw,1.000000,4150,538640882,538640882
atDmPG,1.010232,3970,517668242,512425082
WkMWyw,1.000000,4150,538640882,538640882
atDmPG,1.010232,3970,517668242,512425082
WkMWyw,1.000000,4150,538640882,538640882
atDmPG,1.005090,3980,517668242,515046662
WkMWyw,0.998057,4154,538640882,539689514
atDmPG,1.005090,3980,517668242,515046662
WkMWyw,0.995157,4160,538640882,541262462
atDmPG,1.005090,3980,517668242,515046662
WkMWyw,0.995157,4160,538640882,541262462
atDmPG,1.005090,3980,517668242,515046662
WkMWyw,0.995157,4160,538640882,541262462
atDmPG,1.005090,3980,517668242,515046662
WkMWyw,0.995157,4160,538640882,541262462
atDmPG,1.005090,3980,517668242,515046662
WkMWyw,0.995157,4160,538640882,541262462
atDmPG,1.010180,3990,520289822,515046662
WkMWyw,1.000000,4170,541262462,541262462
atDmPG,1.005573,3999,520289822,517406084
WkMWyw,1.000000,4170,541262462,541262462
atDmPG,1.005064,4000,520289822,517668242
WkMWyw,1.000000,4170,541262462,541262462
atDmPG,1.005064,4000,520289822,517668242
WkMWyw,0.995180,4180,541262462,543884042
atDmPG,1.005064,4000,520289822,517668242
WkMWyw,0.995180,4180,541262462,543884042
atDmPG,1.005064,4000,520289822,517668242
WkMWyw,0.995180,4180,541262462,543884042
atDmPG,1.005064,4000,520289822,517668242
WkMWyw,0.995180,4180,541262462,543884042
atDmPG,1.005064,4000,520289822,517668242
WkMWyw,0.995180,4180,541262462,543884042
atDmPG,1.010128,4010,522911402,517668242
WkMWyw,1.000000,4190,543884042,543884042
atDmPG,1.010128,4010,522911402,517668242
WkMWyw,1.000000,4190,543884042,543884042
atDmPG,1.005039,4020,522911402,520289822
WkMWyw,1.000000,4190,543884042,543884042
atDmPG,1.005039,4020,522911402,520289822
WkMWyw,1.000000,4190,543884042,543884042
atDmPG,1.005039,4020,522911402,520289822
WkMWyw,1.000000,4190,543884042,543884042
atDmPG,1.005039,4020,522911402,520289822
WkMWyw,0.995203,4200,543884042,546505622
atDmPG,1.005039,4020,522911402,520289822
WkMWyw,0.995203,4200,543884042,546505622
atDmPG,1.010077,4030,525532982,520289822
WkMWyw,0.995203,4200,543884042,546505622
atDmPG,1.010077,4030,525532982,520289822
WkMWyw,0.995203,4200,543884042,546505622
atDmPG,1.005013,4040,525532982,522911402
WkMWyw,1.000000,4210,546505622,546505622
atDmPG,1.005013,4040,525532982,522911402
WkMWyw,1.000000,4210,546505622,546505622
atDmPG,1.005013,4040,525532982,522911402
WkMWyw,0.998085,4214,546505622,547554254
atDmPG,1.005485,4063,528678878,525795140
WkMWyw,1.002827,4292,558040574,556467626
atDmPG,1.004843,4180,543884042,541262462
WkMWyw,1.008717,4419,576391634,571410632
atDmPG,1.003304,4285,557254100,555418994
WkMWyw,1.011197,4531,591858956,585305006
atDmPG,1.000000,4378,568526894,568526894
WkMWyw,1.008762,4626,603656066,598412906
atDmPG,1.000453,4459,579275372,579013214
WkMWyw,1.008611,4706,614142386,608899226
atDmPG,1.002664,4552,592121114,590548166
WkMWyw,1.019868,4819,632493446,620172020
atDmPG,1.000436,4631,601820960,601558802
WkMWyw,1.016198,4895,641406818,631182656
atDmPG,1.000857,4708,612045122,611520806
WkMWyw,1.022982,4970,653466086,638785238
atDmPG,0.998736,4783,621220652,622007126
WkMWyw,1.024630,5055,665263196,649271558
atDmPG,1.002079,4855,631706972,630396182
WkMWyw,1.023047,5132,674963042,659757878
atDmPG,1.000000,4914,638785238,638785238
WkMWyw,1.021121,5208,684400730,670244198
atDmPG,1.007291,4996,651893138,647174294
WkMWyw,1.027728,5306,699605894,680730518
atDmPG,1.009993,5069,662379458,655825508
WkMWyw,1.026509,5392,710616530,692265470
atDmPG,1.008249,5153,672865778,667360460
WkMWyw,1.033700,5472,723724430,700130210
atDmPG,1.007732,5234,683352098,678108938
WkMWyw,1.027577,5555,732637802,712975952
atDmPG,1.007632,5302,692265470,687022310
WkMWyw,1.030428,5646,745745702,723724430
atDmPG,1.007574,5342,697508630,692265470
WkMWyw,1.030428,5646,745745702,723724430
atDmPG,1.007574,5342,697508630,692265470
WkMWyw,1.030428,5646,745745702,723724430
atDmPG,1.007574,5342,697508630,692265470
WkMWyw,1.030428,5646,745745702,723724430
atDmPG,1.007574,5342,697508630,692265470
WkMWyw,1.030428,5646,745745702,723724430
atDmPG,1.007574,5342,697508630,692265470
WkMWyw,1.027079,5655,745745702,726083852
atDmPG,1.007574,5342,697508630,692265470
WkMWyw,1.029596,5664,747842966,726346010
atDmPG,1.003773,5352,697508630,694887050
WkMWyw,1.030318,5666,748367282,726346010
atDmPG,1.007545,5362,700130210,694887050
WkMWyw,1.030318,5666,748367282,726346010
atDmPG,1.007545,5362,700130210,694887050
WkMWyw,1.030318,5666,748367282,726346010
atDmPG,1.007545,5362,700130210,694887050
WkMWyw,1.026613,5676,748367282,728967590
atDmPG,1.007545,5362,700130210,694887050
WkMWyw,1.026613,5676,748367282,728967590
atDmPG,1.007545,5362,700130210,694887050
WkMWyw,1.026613,5676,748367282,728967590
atDmPG,1.003758,5372,700130210,697508630
WkMWyw,1.030209,5686,750988862,728967590
atDmPG,1.007517,5382,702751790,697508630
WkMWyw,1.030209,5686,750988862,728967590
atDmPG,1.007517,5382,702751790,697508630
WkMWyw,1.032320,5700,753610442,730016222
atDmPG,1.003744,5392,702751790,700130210
WkMWyw,1.031377,5738,758329286,735259382
atDmPG,1.003689,5472,713238110,710616530
WkMWyw,1.031528,5840,771961502,748367282
atDmPG,1.003622,5572,726346010,723724430
WkMWyw,1.033073,5942,786118034,760950866
atDmPG,1.000000,5650,735259382,735259382
WkMWyw,1.030089,5978,789788246,766718342
atDmPG,1.000000,5670,737880962,737880962
WkMWyw,1.032141,5984,791361194,766718342
atDmPG,1.000000,5670,737880962,737880962
WkMWyw,1.032141,5984,791361194,766718342
atDmPG,1.000000,5670,737880962,737880962
WkMWyw,1.032141,5984,791361194,766718342
atDmPG,1.000353,5709,743124122,742861964
WkMWyw,1.034265,6037,799225934,772747976
atDmPG,0.998258,5775,750988862,752299652
WkMWyw,1.034958,6153,814955414,787428824
atDmPG,1.000000,5890,766718342,766718342
WkMWyw,1.035356,6258,829111946,800798882
atDmPG,1.003357,6008,783496454,780874874
WkMWyw,1.036672,6372,844841426,814955414
atDmPG,1.001981,6104,795555722,793982774
WkMWyw,1.038454,6455,856638536,824917418
atDmPG,1.003264,6178,805779884,803158304
WkMWyw,1.040469,6545,869484278,835665896
atDmPG,1.002252,6265,816790520,814955414
WkMWyw,1.044684,6630,882592178,844841426
atDmPG,1.000955,6329,824655260,823868786
WkMWyw,1.046031,6708,893602814,854279114
atDmPG,1.002827,6417,836976686,834617264
WkMWyw,1.048289,6785,904875608,863192486
atDmPG,1.001861,6496,846938690,845365742
WkMWyw,1.048629,6870,916164502,873678806
atDmPG,1.000000,6586,857949326,857949326
WkMWyw,1.049209,6958,928223770,884689442
atDmPG,0.999094,6661,867387014,868173488
WkMWyw,1.054030,7040,941331670,893078498
atDmPG,0.997913,6741,877349018,879184124
WkMWyw,1.053403,7120,951817990,903564818
atDmPG,0.998822,6830,889408286,890456918
WkMWyw,1.054827,7203,963352942,913280764
atDmPG,0.997381,6905,898583816,900943238
WkMWyw,1.056443,7295,976460842,924291400
atDmPG,0.998560,6979,908807978,910118768
WkMWyw,1.056699,7372,986947162,933991246
atDmPG,0.996301,7061,917999608,921407662
WkMWyw,1.057670,7466,1000055062,945526198
atDmPG,0.996917,7169,932418298,935302036
WkMWyw,1.039136,7532,1000237860,962566468
atDmPG,0.997518,7289,948409936,950769358
WkMWyw,1.018879,7605,1000237860,981704002
atDmPG,0.998100,7407,964139416,965974522
WkMWyw,1.002812,7665,1000237860,997433482
atDmPG,0.998129,7521,979082422,980917528
WkMWyw,1.000000,7676,1000237860,1000237860
