id,debt_ratio,exchanges,bytes_sent,bytes_received
RiA1Kt,31.940022,32,2706310,84730
UaJVqr,0.590828,103,7949470,13454788
RiA1Kt,0.923457,147,15814210,17125000
UaJVqr,0.700966,192,18435790,26300530
RiA1Kt,0.956644,247,28922110,30232900
UaJVqr,0.866953,302,34165270,39408430
RiA1Kt,1.000000,362,44651590,44651590
UaJVqr,0.906553,409,48321802,53302804
RiA1Kt,0.968795,463,56973016,58808122
UaJVqr,0.882040,500,58808122,66672862
RiA1Kt,0.963547,560,69294442,71916022
UaJVqr,0.901421,600,71916022,79780762
RiA1Kt,0.968186,640,79780762,82402342
UaJVqr,0.912873,680,82402342,90267082
RiA1Kt,0.994418,736,93412978,93937294
UaJVqr,0.915671,771,93937294,102588508
RiA1Kt,0.953468,819,102064192,107045194
UaJVqr,0.918612,870,106520878,115958566
RiA1Kt,0.982076,906,114909934,117007198
UaJVqr,0.934470,966,119628778,128017834
RiA1Kt,0.961872,999,125658412,130639414
UaJVqr,0.936129,1052,130639414,139552786
RiA1Kt,0.979754,1097,139552786,142436524
UaJVqr,0.907145,1151,140863576,155282266
RiA1Kt,0.966795,1206,152660686,157903846
UaJVqr,0.891021,1236,150039106,168390166
RiA1Kt,0.953295,1276,160525426,168390166
UaJVqr,0.912065,1326,163147006,178876486
RiA1Kt,0.957684,1363,172060378,179662960
UaJVqr,0.925653,1420,176254906,190411438
RiA1Kt,0.954566,1441,181760224,190411438
UaJVqr,0.927491,1510,187789858,202470706
RiA1Kt,0.958780,1542,195130282,203519338
UaJVqr,0.925366,1595,198276178,214267816
RiA1Kt,0.951593,1634,206140918,216627238
UaJVqr,0.926464,1698,211384078,228162190
RiA1Kt,0.949444,1718,216627238,228162190
UaJVqr,0.927199,1795,223705504,241270090
RiA1Kt,0.935506,1822,228162190,243891670
UaJVqr,0.925951,1894,236026930,254902306
RiA1Kt,0.938796,1922,241270090,256999570
UaJVqr,0.941195,2002,251756410,267485890
RiA1Kt,0.931752,2031,254115832,272729050
UaJVqr,0.945937,2073,261456256,276399262
RiA1Kt,0.947483,2098,264864310,279545158
UaJVqr,0.950199,2136,270107470,284264002
RiA1Kt,0.950654,2156,272729050,286885582
UaJVqr,0.954639,2219,281380264,294750322
RiA1Kt,0.946693,2249,284001844,299993482
UaJVqr,0.957057,2300,292128742,305236642
RiA1Kt,0.941389,2340,294750322,313101382
UaJVqr,0.953731,2386,302615062,317295910
RiA1Kt,0.949442,2412,305236642,321490438
UaJVqr,0.956742,2464,313101382,327257914
RiA1Kt,0.955496,2482,315198646,329879494
UaJVqr,0.959948,2566,326733598,340365814
RiA1Kt,0.953787,2558,324636334,340365814
UaJVqr,0.962640,2648,337744234,350852134
RiA1Kt,0.956856,2652,337219918,352425082
UaJVqr,0.956782,2738,348230554,363960034
RiA1Kt,0.952461,2732,346657606,363960034
UaJVqr,0.961628,2833,361338454,375757144
RiA1Kt,0.955317,2822,358716874,375494986
UaJVqr,0.958687,2866,365008666,380738146
RiA1Kt,0.955317,2822,358716874,375494986
UaJVqr,0.958687,2866,365008666,380738146
RiA1Kt,0.955317,2822,358716874,375494986
UaJVqr,0.965572,2876,367630246,380738146
RiA1Kt,0.955317,2822,358716874,375494986
UaJVqr,0.965572,2876,367630246,380738146
RiA1Kt,0.948694,2832,358716874,378116566
UaJVqr,0.960283,2884,367630246,382835410
RiA1Kt,0.955627,2842,361338454,378116566
UaJVqr,0.958969,2886,367630246,383359726
RiA1Kt,0.955627,2842,361338454,378116566
UaJVqr,0.958969,2886,367630246,383359726
RiA1Kt,0.955627,2842,361338454,378116566
UaJVqr,0.965808,2896,370251826,383359726
RiA1Kt,0.949047,2852,361338454,380738146
UaJVqr,0.965808,2896,370251826,383359726
RiA1Kt,0.949047,2852,361338454,380738146
UaJVqr,0.965808,2896,370251826,383359726
RiA1Kt,0.949047,2852,361338454,380738146
UaJVqr,0.965808,2896,370251826,383359726
RiA1Kt,0.949047,2852,361338454,380738146
UaJVqr,0.965808,2896,370251826,383359726
RiA1Kt,0.949047,2852,361338454,380738146
UaJVqr,0.965808,2896,370251826,383359726
RiA1Kt,0.949047,2852,361338454,380738146
UaJVqr,0.965808,2896,370251826,383359726
RiA1Kt,0.955933,2862,363960034,380738146
UaJVqr,0.965808,2896,370251826,383359726
RiA1Kt,0.955933,2862,363960034,380738146
UaJVqr,0.959248,2906,370251826,385981306
RiA1Kt,0.955933,2862,363960034,380738146
UaJVqr,0.959248,2906,370251826,385981306
RiA1Kt,0.952653,2867,363960034,382048936
UaJVqr,0.959248,2906,370251826,385981306
RiA1Kt,0.949396,2872,363960034,383359726
UaJVqr,0.966040,2916,372873406,385981306
RiA1Kt,0.949396,2872,363960034,383359726
UaJVqr,0.966040,2916,372873406,385981306
RiA1Kt,0.949396,2872,363960034,383359726
UaJVqr,0.966040,2916,372873406,385981306
RiA1Kt,0.952131,2876,365008666,383359726
UaJVqr,0.959523,2926,372873406,388602886
RiA1Kt,0.952131,2876,365008666,383359726
UaJVqr,0.959523,2926,372873406,388602886
RiA1Kt,0.952131,2876,365008666,383359726
UaJVqr,0.959523,2926,372873406,388602886
RiA1Kt,0.945664,2886,365008666,385981306
UaJVqr,0.959523,2926,372873406,388602886
RiA1Kt,0.945664,2886,365008666,385981306
UaJVqr,0.959523,2926,372873406,388602886
RiA1Kt,0.952456,2896,367630246,385981306
UaJVqr,0.959523,2926,372873406,388602886
RiA1Kt,0.952456,2896,367630246,385981306
UaJVqr,0.959794,2946,375494986,391224466
RiA1Kt,0.952456,2896,367630246,385981306
UaJVqr,0.959794,2946,375494986,391224466
RiA1Kt,0.952456,2896,367630246,385981306
UaJVqr,0.959794,2946,375494986,391224466
RiA1Kt,0.952456,2896,367630246,385981306
UaJVqr,0.959794,2946,375494986,391224466
RiA1Kt,0.946031,2906,367630246,388602886
UaJVqr,0.959794,2946,375494986,391224466
RiA1Kt,0.946031,2906,367630246,388602886
UaJVqr,0.959665,2985,380475988,396467626
RiA1Kt,0.941266,2996,378116566,401710786
UaJVqr,0.965524,3100,396467626,410624158
RiA1Kt,0.945512,3092,391224466,413770054
UaJVqr,0.961334,3217,410624158,427140112
RiA1Kt,0.940256,3204,404332366,430023850
UaJVqr,0.958490,3324,423732058,442083118
RiA1Kt,0.932564,3317,416915950,447064120
UaJVqr,0.963358,3397,434218378,450734332
RiA1Kt,0.931272,3412,427402270,458944850
UaJVqr,0.968972,3478,444704698,458944850
RiA1Kt,0.925547,3479,434480536,469431170
UaJVqr,0.965946,3571,455977492,472052750
RiA1Kt,0.925193,3565,445229014,481228280
UaJVqr,0.971749,3670,468906854,482539070
RiA1Kt,0.925405,3653,456248012,493025390
UaJVqr,0.978211,3763,482539070,493287548
RiA1Kt,0.916217,3723,461566430,503773868
UaJVqr,0.979684,3841,493025390,503249552
RiA1Kt,0.915763,3816,473101382,516619610
UaJVqr,0.975059,3921,502200920,515046662
RiA1Kt,0.913265,3901,483063386,528941036
UaJVqr,0.990023,4030,520289822,525532982
RiA1Kt,0.914395,3999,495646970,542048936
UaJVqr,0.987803,4115,530776142,537330092
RiA1Kt,0.910843,4070,503511710,552797414
UaJVqr,0.990406,4190,541262462,546505622
RiA1Kt,0.909962,4156,513998030,564856682
UaJVqr,0.995280,4268,552797414,555418994
RiA1Kt,0.905851,4231,522124928,576391634
UaJVqr,0.994928,4367,565643156,568526894
RiA1Kt,0.904174,4313,531824774,588188744
UaJVqr,0.995472,4448,576391634,579013214
RiA1Kt,0.905811,4391,542048936,598412906
UaJVqr,0.992463,4535,586877954,591334640
RiA1Kt,0.897552,4486,551224466,614142386
UaJVqr,0.987406,4617,596053484,603656066
RiA1Kt,0.897593,4562,560662154,624628706
UaJVqr,0.991426,4686,606277646,611520806
RiA1Kt,0.900771,4638,571148474,634066394
UaJVqr,0.990813,4808,622007126,627774602
RiA1Kt,0.901084,4711,580324004,644028398
UaJVqr,0.988480,4874,629871866,637212290
RiA1Kt,0.899064,4782,588450902,654514718
UaJVqr,0.987887,4964,641406818,649271558
RiA1Kt,0.896334,4870,598412906,667622618
UaJVqr,0.992053,5054,654514718,659757878
RiA1Kt,0.897164,4948,608374910,678108938
UaJVqr,0.996073,5124,665001038,667622618
RiA1Kt,0.896025,5019,616763966,688333100
UaJVqr,0.996149,5224,678108938,680730518
RiA1Kt,0.892563,5114,627250286,702751790
UaJVqr,0.989437,5314,687546626,694887050
RiA1Kt,0.892502,5199,637736606,714548900
UaJVqr,0.988892,5412,700130210,707994950
RiA1Kt,0.890278,5278,646649978,726346010
UaJVqr,0.992702,5502,713238110,718481270
RiA1Kt,0.892984,5312,651893138,730016222
UaJVqr,0.992702,5502,713238110,718481270
RiA1Kt,0.892984,5312,651893138,730016222
UaJVqr,0.992702,5502,713238110,718481270
RiA1Kt,0.892984,5312,651893138,730016222
UaJVqr,0.992702,5502,713238110,718481270
RiA1Kt,0.892984,5312,651893138,730016222
UaJVqr,0.992702,5502,713238110,718481270
RiA1Kt,0.892984,5312,651893138,730016222
UaJVqr,0.992729,5522,715859690,721102850
RiA1Kt,0.893367,5332,654514718,732637802
UaJVqr,0.992729,5522,715859690,721102850
RiA1Kt,0.893367,5332,654514718,732637802
UaJVqr,0.992729,5522,715859690,721102850
RiA1Kt,0.893367,5332,654514718,732637802
UaJVqr,0.992729,5522,715859690,721102850
RiA1Kt,0.893367,5332,654514718,732637802
UaJVqr,0.992729,5522,715859690,721102850
RiA1Kt,0.893367,5332,654514718,732637802
UaJVqr,0.996364,5532,718481270,721102850
RiA1Kt,0.893367,5332,654514718,732637802
UaJVqr,0.996364,5532,718481270,721102850
RiA1Kt,0.890182,5342,654514718,735259382
UaJVqr,0.992755,5542,718481270,723724430
RiA1Kt,0.893748,5352,657136298,735259382
UaJVqr,0.992755,5542,718481270,723724430
RiA1Kt,0.893748,5352,657136298,735259382
UaJVqr,0.992755,5542,718481270,723724430
RiA1Kt,0.893748,5352,657136298,735259382
UaJVqr,0.992755,5542,718481270,723724430
RiA1Kt,0.893748,5352,657136298,735259382
UaJVqr,0.992755,5542,718481270,723724430
RiA1Kt,0.893748,5352,657136298,735259382
UaJVqr,0.992755,5542,718481270,723724430
RiA1Kt,0.893748,5352,657136298,735259382
UaJVqr,0.992781,5562,721102850,726346010
RiA1Kt,0.893748,5352,657136298,735259382
UaJVqr,0.992781,5562,721102850,726346010
RiA1Kt,0.890572,5362,657136298,737880962
UaJVqr,0.992781,5562,721102850,726346010
RiA1Kt,0.890572,5362,657136298,737880962
UaJVqr,0.992781,5562,721102850,726346010
RiA1Kt,0.894125,5372,659757878,737880962
UaJVqr,0.992781,5562,721102850,726346010
RiA1Kt,0.894125,5372,659757878,737880962
UaJVqr,0.992781,5562,721102850,726346010
RiA1Kt,0.894125,5372,659757878,737880962
UaJVqr,0.992781,5562,721102850,726346010
RiA1Kt,0.890960,5382,659757878,740502542
UaJVqr,0.992807,5582,723724430,728967590
RiA1Kt,0.890960,5382,659757878,740502542
UaJVqr,0.992807,5582,723724430,728967590
RiA1Kt,0.890960,5382,659757878,740502542
UaJVqr,0.992807,5582,723724430,728967590
RiA1Kt,0.894500,5392,662379458,740502542
UaJVqr,0.991455,5634,730016222,736308014
RiA1Kt,0.890142,5512,675487358,758853602
UaJVqr,0.993018,5750,745745702,750988862
RiA1Kt,0.888913,5635,690168206,776418188
UaJVqr,0.986706,5869,758853602,769077764
RiA1Kt,0.887408,5757,704586896,793982774
UaJVqr,0.986598,5970,771961502,782447822
RiA1Kt,0.884640,5824,711665162,804469094
UaJVqr,0.987059,6029,779826242,790050404
RiA1Kt,0.884157,5896,720316376,814693256
UaJVqr,0.988538,6113,791361194,800536724
RiA1Kt,0.884091,5990,731851328,827801156
UaJVqr,0.991582,6192,802896146,809712254
RiA1Kt,0.883737,6068,741289016,838811792
UaJVqr,0.988545,6290,814431098,823868786
RiA1Kt,0.880245,6164,751513178,853754798
UaJVqr,0.984339,6376,823868786,836976686
RiA1Kt,0.880557,6244,761475182,864765434
UaJVqr,0.984013,6494,839073950,852706166
RiA1Kt,0.879617,6333,771961502,877611176
UaJVqr,0.981778,6566,847463006,863192486
RiA1Kt,0.877592,6437,783758612,893078498
UaJVqr,0.983571,6681,863192486,877611176
RiA1Kt,0.879073,6536,796604354,906186398
UaJVqr,0.979452,6784,874727438,893078498
RiA1Kt,0.877965,6630,807352832,919572556
UaJVqr,0.977500,6896,888359654,908807978
RiA1Kt,0.878317,6712,817576994,930845350
UaJVqr,0.980300,6985,900943238,919048240
RiA1Kt,0.876327,6795,826752524,943428934
UaJVqr,0.977490,7076,911429558,932418298
RiA1Kt,0.874528,6886,836976686,957061150
UaJVqr,0.977208,7158,921669820,943166776
RiA1Kt,0.877486,6955,846938690,965188048
UaJVqr,0.977202,7243,932680456,954439570
RiA1Kt,0.873835,7039,855327746,978820264
UaJVqr,0.976705,7342,945264040,967809628
RiA1Kt,0.874676,7119,865551908,989568742
UaJVqr,0.977508,7430,957061150,979082422
RiA1Kt,0.874257,7194,874465280,1000237860
UaJVqr,0.978806,7514,968596102,989568742
RiA1Kt,0.885003,7235,885213758,1000237860
UaJVqr,0.978850,7595,979082422,1000237860
RiA1Kt,0.898108,7285,898321658,1000237860
UaJVqr,0.994575,7655,994811902,1000237860
RiA1Kt,0.905971,7315,906186398,1000237860
UaJVqr,1.000000,7676,1000237860,1000237860
RiA1Kt,0.918305,7364,918523924,1000237860
UaJVqr,1.000000,7676,1000237860,1000237860
RiA1Kt,0.935866,7431,936088510,1000237860
UaJVqr,1.000000,7676,1000237860,1000237860
RiA1Kt,0.951854,7492,952080148,1000237860
UaJVqr,1.000000,7676,1000237860,1000237860
RiA1Kt,0.967842,7553,968071786,1000237860
UaJVqr,1.000000,7676,1000237860,1000237860
RiA1Kt,0.984354,7616,984587740,1000237860
UaJVqr,1.000000,7676,1000237860,1000237860
RiA1Kt,0.999817,7675,1000055062,1000237860
UaJVqr,1.000000,7676,1000237860,1000237860
