id,debt_ratio,exchanges,bytes_sent,bytes_received
UmUhkF,0.000000,13,0,609046
W9ZdZQ,3.777109,85,13192630,3492784
UmUhkF,0.834226,132,13192630,15814210
W9ZdZQ,1.554582,201,28659952,18435790
UmUhkF,0.846535,262,28922110,34165270
W9ZdZQ,1.306929,322,44651590,34165270
UmUhkF,0.913196,374,44127274,48321802
W9ZdZQ,1.286824,420,58808122,45700222
UmUhkF,0.871972,460,53564962,61429702
W9ZdZQ,1.221890,502,69294442,56710858
UmUhkF,0.894486,560,66672862,74537602
W9ZdZQ,1.189162,600,82402342,69294442
UmUhkF,0.929733,653,79780762,85810396
W9ZdZQ,1.139983,694,93937294,82402342
UmUhkF,0.972850,748,93937294,96558874
W9ZdZQ,1.145120,790,107569510,93937294
UmUhkF,0.966533,844,105996562,109666774
W9ZdZQ,1.122452,888,120153094,107045194
UmUhkF,0.986909,932,118580146,120153094
W9ZdZQ,1.073225,984,130639414,121726042
UmUhkF,1.011944,1032,133260994,131688046
W9ZdZQ,1.084889,1102,147417526,135882574
UmUhkF,1.000000,1126,144795946,144795946
W9ZdZQ,1.069891,1206,160525426,150039106
UmUhkF,1.016602,1236,160525426,157903846
W9ZdZQ,1.052437,1313,173633326,164982112
UmUhkF,1.000000,1326,171011746,171011746
W9ZdZQ,1.056859,1396,185168278,175206274
UmUhkF,0.994256,1410,181498066,182546698
W9ZdZQ,1.069275,1485,198276178,185430436
UmUhkF,0.986601,1504,193033018,195654598
W9ZdZQ,1.066109,1584,211384078,198276178
UmUhkF,1.000000,1594,206140918,206140918
W9ZdZQ,1.070323,1670,223443346,208762498
UmUhkF,1.009681,1682,218724502,216627238
W9ZdZQ,1.063805,1768,236026930,221870398
UmUhkF,1.015903,1796,234453982,230783770
W9ZdZQ,1.058145,1862,248086198,234453982
UmUhkF,1.020623,1883,246513250,241532248
W9ZdZQ,1.063808,1962,262242730,246513250
UmUhkF,1.020612,1982,259621150,254377990
W9ZdZQ,1.050489,2052,272729050,259621150
UmUhkF,1.010687,2091,272729050,269845312
W9ZdZQ,1.042295,2146,284264002,272729050
UmUhkF,1.009308,2180,284264002,281642422
W9ZdZQ,1.042659,2224,294750322,282691054
UmUhkF,1.008974,2260,294750322,292128742
W9ZdZQ,1.035577,2310,305236642,294750322
UmUhkF,1.001718,2352,305760958,305236642
W9ZdZQ,1.028708,2424,319393174,310479802
UmUhkF,1.003294,2454,319393174,318344542
W9ZdZQ,1.030049,2521,332501074,322801228
UmUhkF,1.002371,2555,332501074,331714600
W9ZdZQ,1.024877,2626,345608974,337219918
UmUhkF,1.009257,2626,342987394,339841498
W9ZdZQ,1.028607,2716,358192558,348230554
UmUhkF,1.002954,2734,356095294,355046662
W9ZdZQ,1.032156,2802,370251826,358716874
UmUhkF,1.001428,2824,367630246,367105930
W9ZdZQ,1.035655,2876,380738146,367630246
UmUhkF,1.013164,2927,383359726,378378724
W9ZdZQ,1.034192,2996,396467626,383359726
UmUhkF,1.011241,3063,400924312,396467626
W9ZdZQ,1.028715,3130,413245738,401710786
UmUhkF,1.015930,3185,417964582,411410632
W9ZdZQ,1.024902,3274,431596798,421110478
UmUhkF,1.012374,3274,428975218,423732058
W9ZdZQ,1.026726,3358,443131750,431596798
UmUhkF,1.007245,3346,437364274,434218378
W9ZdZQ,1.033327,3438,455191018,440510170
UmUhkF,1.011790,3434,449947858,444704698
W9ZdZQ,1.025672,3528,464188010,452569438
UmUhkF,1.011743,3512,458944850,453618070
W9ZdZQ,1.033886,3642,479917490,464188010
UmUhkF,1.012453,3596,468906854,463139378
W9ZdZQ,1.028593,3730,490403810,476771594
UmUhkF,1.016141,3663,478606700,471004118
W9ZdZQ,1.030130,3814,501938762,487257914
UmUhkF,1.016299,3752,490403810,482539070
W9ZdZQ,1.027959,3885,510852134,496957760
UmUhkF,1.016661,3793,495909128,487782230
W9ZdZQ,1.036182,3980,525532982,507181922
UmUhkF,1.011599,3856,502987394,497219918
W9ZdZQ,1.031398,4052,533922038,517668242
UmUhkF,1.010343,3928,512162924,506919764
W9ZdZQ,1.035435,4119,543884042,525270824
UmUhkF,1.013799,3981,520027664,512949398
W9ZdZQ,1.036192,4204,555418994,536019302
UmUhkF,1.015193,4020,525532982,517668242
W9ZdZQ,1.036192,4204,555418994,536019302
UmUhkF,1.015193,4020,525532982,517668242
W9ZdZQ,1.036016,4224,558040574,538640882
UmUhkF,1.015116,4040,528154562,520289822
W9ZdZQ,1.037963,4228,559089206,538640882
UmUhkF,1.015040,4060,530776142,522911402
W9ZdZQ,1.035842,4244,560662154,541262462
UmUhkF,1.015040,4060,530776142,522911402
W9ZdZQ,1.035842,4244,560662154,541262462
UmUhkF,1.015040,4060,530776142,522911402
W9ZdZQ,1.035842,4244,560662154,541262462
UmUhkF,1.015040,4060,530776142,522911402
W9ZdZQ,1.035842,4244,560662154,541262462
UmUhkF,1.015040,4060,530776142,522911402
W9ZdZQ,1.035842,4244,560662154,541262462
UmUhkF,1.015040,4060,530776142,522911402
W9ZdZQ,1.035842,4244,560662154,541262462
UmUhkF,1.015040,4060,530776142,522911402
W9ZdZQ,1.035842,4244,560662154,541262462
UmUhkF,1.016486,4077,533397722,524746508
W9ZdZQ,1.035669,4264,563283734,543884042
UmUhkF,1.014965,4080,533397722,525532982
W9ZdZQ,1.035669,4264,563283734,543884042
UmUhkF,1.014965,4080,533397722,525532982
W9ZdZQ,1.035669,4264,563283734,543884042
UmUhkF,1.014965,4080,533397722,525532982
W9ZdZQ,1.035669,4264,563283734,543884042
UmUhkF,1.014965,4080,533397722,525532982
W9ZdZQ,1.035669,4264,563283734,543884042
UmUhkF,1.014965,4080,533397722,525532982
W9ZdZQ,1.035669,4264,563283734,543884042
UmUhkF,1.014965,4080,533397722,525532982
W9ZdZQ,1.030701,4274,563283734,546505622
UmUhkF,1.015426,4091,534970670,526843772
W9ZdZQ,1.035498,4284,565905314,546505622
UmUhkF,1.014891,4100,536019302,528154562
W9ZdZQ,1.035498,4284,565905314,546505622
UmUhkF,1.014891,4100,536019302,528154562
W9ZdZQ,1.035498,4284,565905314,546505622
UmUhkF,1.014891,4100,536019302,528154562
W9ZdZQ,1.035498,4284,565905314,546505622
UmUhkF,1.014891,4100,536019302,528154562
W9ZdZQ,1.035498,4284,565905314,546505622
UmUhkF,1.014891,4100,536019302,528154562
W9ZdZQ,1.035498,4284,565905314,546505622
UmUhkF,1.014891,4100,536019302,528154562
W9ZdZQ,1.035498,4284,565905314,546505622
UmUhkF,1.014891,4100,536019302,528154562
W9ZdZQ,1.035498,4284,565905314,546505622
UmUhkF,1.014891,4100,536019302,528154562
W9ZdZQ,1.035498,4284,565905314,546505622
UmUhkF,1.009878,4110,536019302,530776142
W9ZdZQ,1.038302,4298,568526894,547554254
UmUhkF,1.009878,4110,536019302,530776142
W9ZdZQ,1.038302,4298,568526894,547554254
UmUhkF,1.009878,4110,536019302,530776142
W9ZdZQ,1.038302,4298,568526894,547554254
UmUhkF,1.009878,4110,536019302,530776142
W9ZdZQ,1.038302,4298,568526894,547554254
UmUhkF,1.014817,4120,538640882,530776142
W9ZdZQ,1.038302,4298,568526894,547554254
UmUhkF,1.014817,4120,538640882,530776142
W9ZdZQ,1.038302,4298,568526894,547554254
UmUhkF,1.014817,4120,538640882,530776142
W9ZdZQ,1.038302,4298,568526894,547554254
UmUhkF,1.014817,4120,538640882,530776142
W9ZdZQ,1.033355,4308,568526894,550175834
UmUhkF,1.009830,4130,538640882,533397722
W9ZdZQ,1.033355,4308,568526894,550175834
UmUhkF,1.009830,4130,538640882,533397722
W9ZdZQ,1.033355,4308,568526894,550175834
UmUhkF,1.009830,4130,538640882,533397722
W9ZdZQ,1.038120,4318,571148474,550175834
UmUhkF,1.009830,4130,538640882,533397722
W9ZdZQ,1.038120,4318,571148474,550175834
UmUhkF,1.009830,4130,538640882,533397722
W9ZdZQ,1.038120,4318,571148474,550175834
UmUhkF,1.009830,4130,538640882,533397722
W9ZdZQ,1.038120,4318,571148474,550175834
UmUhkF,1.014745,4140,541262462,533397722
W9ZdZQ,1.038120,4318,571148474,550175834
UmUhkF,1.014745,4140,541262462,533397722
W9ZdZQ,1.036638,4321,571148474,550962308
UmUhkF,1.009782,4150,541262462,536019302
W9ZdZQ,1.033197,4328,571148474,552797414
UmUhkF,1.009782,4150,541262462,536019302
W9ZdZQ,1.037939,4338,573770054,552797414
UmUhkF,1.009782,4150,541262462,536019302
W9ZdZQ,1.037939,4338,573770054,552797414
UmUhkF,1.009782,4150,541262462,536019302
W9ZdZQ,1.037939,4338,573770054,552797414
UmUhkF,1.011624,4194,547554254,541262462
W9ZdZQ,1.037060,4438,586877954,565905314
UmUhkF,1.013688,4307,563021576,555418994
W9ZdZQ,1.034597,4569,603656066,583469900
UmUhkF,1.013834,4408,576391634,568526894
W9ZdZQ,1.038687,4678,619385546,596315642
UmUhkF,1.013966,4511,590023850,581896952
W9ZdZQ,1.044213,4803,637736606,610734332
UmUhkF,1.014611,4591,600772328,592121114
W9ZdZQ,1.039452,4900,649271558,624628706
UmUhkF,1.013909,4674,611520806,603131750
W9ZdZQ,1.040418,4988,661330826,635639342
UmUhkF,1.013290,4737,619647704,611520806
W9ZdZQ,1.042231,5070,672865778,645601346
UmUhkF,1.016859,4826,632493446,622007126
W9ZdZQ,1.036159,5165,683614256,659757878
UmUhkF,1.016641,4888,640620344,630134024
W9ZdZQ,1.028831,5248,692265470,672865778
UmUhkF,1.016382,4964,650582348,640096028
W9ZdZQ,1.029540,5331,703538264,683352098
UmUhkF,1.019777,5045,662379458,649533716
W9ZdZQ,1.033200,5430,717956954,694887050
UmUhkF,1.019058,5126,672865778,660282194
W9ZdZQ,1.034936,5516,730016222,705373370
UmUhkF,1.016734,5223,684925046,673652252
W9ZdZQ,1.035810,5612,743124122,717432638
UmUhkF,1.019152,5312,697508630,684400730
W9ZdZQ,1.039200,5711,757542812,728967590
UmUhkF,1.020403,5388,707994950,693838418
W9ZdZQ,1.038874,5810,770650712,741813332
UmUhkF,1.014457,5475,717432638,707208476
W9ZdZQ,1.039657,5904,783496454,753610442
UmUhkF,1.016055,5566,730016222,718481270
W9ZdZQ,1.041171,5990,795555722,764096762
UmUhkF,1.015824,5646,740502542,728967590
W9ZdZQ,1.040746,6101,810236570,778515452
UmUhkF,1.014869,5732,751513178,740502542
W9ZdZQ,1.037765,6192,821247206,791361194
UmUhkF,1.013963,5810,761475182,750988862
W9ZdZQ,1.038165,6289,834355106,803682620
UmUhkF,1.013724,5910,774583082,764096762
W9ZdZQ,1.037101,6410,850084586,819674258
UmUhkF,1.013137,6017,788477456,778253294
W9ZdZQ,1.040142,6546,869484278,835928054
UmUhkF,1.016564,6128,804469094,791361194
W9ZdZQ,1.042932,6655,885213758,848773796
UmUhkF,1.015978,6223,816790520,803944778
W9ZdZQ,1.040504,6741,895700078,860833064
UmUhkF,1.016443,6295,826490366,813120308
W9ZdZQ,1.041958,6854,911429558,874727438
UmUhkF,1.019153,6366,836976686,821247206
W9ZdZQ,1.037245,6938,920359030,887311022
UmUhkF,1.019227,6447,847725164,831733526
W9ZdZQ,1.039614,7048,936088510,900418922
UmUhkF,1.019921,6530,858997958,842219846
W9ZdZQ,1.042698,7126,947885620,909070136
UmUhkF,1.019381,6605,868697804,852181850
W9ZdZQ,1.041017,7210,958109782,920359030
UmUhkF,1.021603,6685,880232756,861619538
W9ZdZQ,1.042688,7318,973314946,933466930
UmUhkF,1.021336,6767,890981234,872368016
W9ZdZQ,1.042769,7400,984325582,943953250
UmUhkF,1.020792,6844,900943238,882592178
W9ZdZQ,1.042300,7480,994811902,954439570
UmUhkF,1.023258,6913,911167400,890456918
W9ZdZQ,1.032668,7555,1000237860,968596102
UmUhkF,1.019805,6984,918786082,900943238
W9ZdZQ,1.020787,7598,1000237860,979868896
UmUhkF,1.020715,7072,930845350,911953874
W9ZdZQ,1.002812,7665,1000237860,997433482
UmUhkF,1.019826,7176,943953250,925602190
W9ZdZQ,1.000000,7676,1000237860,1000237860
UmUhkF,1.018959,7286,958109782,940283038
W9ZdZQ,1.000000,7676,1000237860,1000237860
UmUhkF,1.019722,7418,975936526,957061150
W9ZdZQ,1.000000,7676,1000237860,1000237860
UmUhkF,1.019445,7522,989568742,970693366
W9ZdZQ,1.000000,7676,1000237860,1000237860
