id,debt_ratio,exchanges,bytes_sent,bytes_received
VvWgeA,0.000000,0,0,0
ak6i1L,1.329780,92,10571050,7949470
VvWgeA,1.707750,117,15814210,9260260
ak6i1L,1.110669,193,23678950,21319528
VvWgeA,1.332141,232,31543690,23678950
ak6i1L,0.958995,308,36786850,38359798
VvWgeA,1.199597,374,50419066,42030010
ak6i1L,0.951058,420,50943382,53564962
VvWgeA,1.193558,452,61429702,51467698
ak6i1L,0.960680,520,64051282,66672862
VvWgeA,1.161849,569,77159182,66410704
ak6i1L,1.000000,610,77159182,77159182
VvWgeA,1.169881,660,90267082,77159182
ak6i1L,1.000000,690,87645502,87645502
VvWgeA,1.125627,732,98656138,87645502
ak6i1L,0.997364,779,99180454,99442612
VvWgeA,1.105730,818,109666774,99180454
ak6i1L,0.995219,856,109142458,109666774
VvWgeA,1.114744,906,122250358,109666774
ak6i1L,0.978647,948,120153094,122774674
VvWgeA,1.085411,998,133260994,122774674
ak6i1L,1.020067,1028,133260994,130639414
VvWgeA,1.088296,1062,142174366,130639414
ak6i1L,1.000000,1106,142174366,142174366
VvWgeA,1.112713,1146,155282266,139552786
ak6i1L,1.000000,1206,155282266,155282266
VvWgeA,1.084413,1256,168390166,155282266
ak6i1L,0.984670,1316,168390166,171011746
VvWgeA,1.093307,1345,181235908,165768586
ak6i1L,1.005778,1410,182546698,181498066
VvWgeA,1.077344,1418,189887122,176254906
ak6i1L,1.014361,1424,185168278,182546698
VvWgeA,1.080319,1420,190411438,176254906
ak6i1L,1.000000,1434,185168278,185168278
VvWgeA,1.080319,1420,190411438,176254906
ak6i1L,1.000000,1434,185168278,185168278
VvWgeA,1.064486,1430,190411438,178876486
ak6i1L,1.014158,1444,187789858,185168278
VvWgeA,1.064486,1430,190411438,178876486
ak6i1L,1.014158,1444,187789858,185168278
VvWgeA,1.064486,1430,190411438,178876486
ak6i1L,1.014158,1444,187789858,185168278
VvWgeA,1.064486,1430,190411438,178876486
ak6i1L,1.014158,1444,187789858,185168278
VvWgeA,1.064486,1430,190411438,178876486
ak6i1L,1.014158,1444,187789858,185168278
VvWgeA,1.079141,1440,193033018,178876486
ak6i1L,1.014158,1444,187789858,185168278
VvWgeA,1.079141,1440,193033018,178876486
ak6i1L,1.014158,1444,187789858,185168278
VvWgeA,1.079141,1440,193033018,178876486
ak6i1L,1.013960,1464,190411438,187789858
VvWgeA,1.079141,1440,193033018,178876486
ak6i1L,1.013960,1464,190411438,187789858
VvWgeA,1.063554,1450,193033018,181498066
ak6i1L,1.013960,1464,190411438,187789858
VvWgeA,1.077998,1460,195654598,181498066
ak6i1L,1.000000,1474,190411438,190411438
VvWgeA,1.083295,1472,197751862,182546698
ak6i1L,1.013049,1564,203519338,200897758
VvWgeA,1.076687,1592,213481342,198276178
ak6i1L,1.004864,1670,216627238,215578606
VvWgeA,1.073081,1695,227113558,211646236
ak6i1L,1.005648,1797,233405350,232094560
VvWgeA,1.056797,1832,243891670,230783770
ak6i1L,1.009664,1893,246513250,244153828
VvWgeA,1.076896,1912,256999570,238648510
ak6i1L,1.000000,1982,256999570,256999570
VvWgeA,1.073659,1992,267485890,249134830
ak6i1L,1.009801,2072,270107470,267485890
VvWgeA,1.063979,2086,279020842,262242730
ak6i1L,1.009396,2160,281642422,279020842
VvWgeA,1.067029,2180,292128742,273777682
ak6i1L,1.009055,2240,292128742,289507162
VvWgeA,1.071012,2267,304450168,284264002
ak6i1L,1.008663,2340,305236642,302615062
VvWgeA,1.064667,2384,319393174,299993482
ak6i1L,1.008373,2420,315722962,313101382
VvWgeA,1.056099,2477,330665968,313101382
ak6i1L,1.016151,2518,329879494,324636334
VvWgeA,1.064603,2578,345608974,324636334
ak6i1L,1.015524,2618,342987394,337744234
VvWgeA,1.060544,2676,358192558,337744234
ak6i1L,1.015057,2698,353473714,348230554
VvWgeA,1.047821,2762,367630246,350852134
ak6i1L,1.014616,2778,363960034,358716874
VvWgeA,1.046332,2848,378903040,362124928
ak6i1L,1.007031,2876,375494986,372873406
VvWgeA,1.052028,2940,392273098,372873406
ak6i1L,1.006150,2957,385981306,383621884
VvWgeA,1.054024,3025,404070208,383359726
ak6i1L,1.005951,3055,398827048,396467626
VvWgeA,1.057949,3111,416391634,393583888
ak6i1L,1.009669,3139,410624158,406691788
VvWgeA,1.067174,3191,428975218,401972944
ak6i1L,1.018912,3224,423732058,415867318
VvWgeA,1.064996,3262,438150748,411410632
ak6i1L,1.030744,3324,439461538,426353638
VvWgeA,1.059615,3338,447326278,422159110
ak6i1L,1.030006,3404,449947858,436839958
VvWgeA,1.056546,3425,457109744,432645430
ak6i1L,1.026420,3507,461566430,449685700
VvWgeA,1.065214,3493,468120380,439461538
ak6i1L,1.034273,3602,474674330,458944850
VvWgeA,1.062928,3582,479655332,451258648
ak6i1L,1.027768,3692,485160650,472052750
VvWgeA,1.064897,3668,490403810,460517798
ak6i1L,1.025355,3795,498268550,485947124
VvWgeA,1.063664,3736,499317182,469431170
ak6i1L,1.028048,3873,509279186,495384812
VvWgeA,1.056811,3806,507181922,479917490
ak6i1L,1.024382,3943,517668242,505346816
VvWgeA,1.055596,3886,517668242,490403810
ak6i1L,1.025321,4040,530776142,517668242
VvWgeA,1.054432,3966,528154562,500890130
ak6i1L,1.014745,4140,541262462,533397722
VvWgeA,1.060993,4028,538116566,507181922
ak6i1L,1.014849,4247,555418994,547292096
VvWgeA,1.057674,4108,548078570,518192558
ak6i1L,1.012197,4330,565643156,558827048
VvWgeA,1.056586,4184,558040574,528154562
ak6i1L,1.012840,4430,579013214,571672790
VvWgeA,1.056734,4246,566429630,536019302
ak6i1L,1.004487,4508,586877954,584256374
VvWgeA,1.054705,4285,571148474,541524620
ak6i1L,1.004447,4548,592121114,589499534
VvWgeA,1.057180,4358,581634794,550175834
ak6i1L,1.004343,4656,606277646,603656066
VvWgeA,1.053299,4471,595791326,565643156
ak6i1L,1.000423,4765,619385546,619123388
VvWgeA,1.056143,4582,611520806,579013214
ak6i1L,1.004145,4876,635115026,632493446
VvWgeA,1.054900,4682,624628706,592121114
ak6i1L,1.000000,4980,647436452,647436452
VvWgeA,1.055346,4757,634852868,601558802
ak6i1L,0.996026,5064,657136298,659757878
VvWgeA,1.048663,4840,644028398,614142386
ak6i1L,1.000000,5154,670244198,670244198
VvWgeA,1.048048,4900,651893138,622007126
ak6i1L,1.000000,5194,675487358,675487358
VvWgeA,1.044069,4911,652155296,624628706
ak6i1L,1.000000,5214,678108938,678108938
VvWgeA,1.043467,4930,654514718,627250286
ak6i1L,1.000000,5234,680730518,680730518
VvWgeA,1.043286,4950,657136298,629871866
ak6i1L,1.000000,5262,684400730,684400730
VvWgeA,1.043106,4970,659757878,632493446
ak6i1L,1.000000,5262,684400730,684400730
VvWgeA,1.043106,4970,659757878,632493446
ak6i1L,0.996184,5272,684400730,687022310
VvWgeA,1.043106,4970,659757878,632493446
ak6i1L,1.000000,5282,687022310,687022310
VvWgeA,1.043088,4972,660020036,632755604
ak6i1L,0.999237,5284,687022310,687546626
VvWgeA,1.042928,4990,662379458,635115026
ak6i1L,1.000000,5302,689643890,689643890
VvWgeA,1.042752,5010,665001038,637736606
ak6i1L,1.000000,5302,689643890,689643890
VvWgeA,1.042752,5010,665001038,637736606
ak6i1L,1.000000,5322,692265470,692265470
VvWgeA,1.042752,5010,665001038,637736606
ak6i1L,0.997736,5336,693314102,694887050
VvWgeA,1.045144,5024,667622618,638785238
ak6i1L,1.000000,5342,694887050,694887050
VvWgeA,1.045144,5024,667622618,638785238
ak6i1L,1.000000,5342,694887050,694887050
VvWgeA,1.040872,5034,667622618,641406818
ak6i1L,0.996242,5352,694887050,697508630
VvWgeA,1.044960,5044,670244198,641406818
ak6i1L,1.000000,5362,697508630,697508630
VvWgeA,1.040706,5054,670244198,644028398
ak6i1L,0.996256,5372,697508630,700130210
VvWgeA,1.044777,5064,672865778,644028398
ak6i1L,1.000000,5382,700130210,700130210
VvWgeA,1.043502,5067,672865778,644814872
ak6i1L,1.000000,5382,700130210,700130210
VvWgeA,1.040541,5074,672865778,646649978
ak6i1L,0.996270,5392,700130210,702751790
VvWgeA,1.040541,5074,672865778,646649978
ak6i1L,0.999254,5400,702227474,702751790
VvWgeA,1.040377,5094,675487358,649271558
ak6i1L,1.000000,5402,702751790,702751790
VvWgeA,1.039957,5095,675487358,649533716
ak6i1L,1.000000,5422,705373370,705373370
VvWgeA,1.036998,5106,676011674,651893138
ak6i1L,1.000000,5422,705373370,705373370
VvWgeA,1.040215,5114,678108938,651893138
ak6i1L,1.000000,5442,707994950,707994950
VvWgeA,1.040054,5134,680730518,654514718
ak6i1L,1.000000,5442,707994950,707994950
VvWgeA,1.040438,5137,681254834,654776876
ak6i1L,1.000000,5462,710616530,710616530
VvWgeA,1.039894,5154,683352098,657136298
ak6i1L,1.000000,5462,710616530,710616530
VvWgeA,1.039894,5154,683352098,657136298
ak6i1L,1.001472,5478,713238110,712189478
VvWgeA,1.038161,5168,684662888,659495720
ak6i1L,1.003676,5492,715859690,713238110
VvWgeA,1.041325,5178,687022310,659757878
ak6i1L,1.003676,5492,715859690,713238110
VvWgeA,1.041325,5178,687022310,659757878
ak6i1L,1.003662,5512,718481270,715859690
VvWgeA,1.041656,5187,688333100,660806510
ak6i1L,1.007324,5522,721102850,715859690
VvWgeA,1.041161,5198,689643890,662379458
ak6i1L,1.006219,5525,721102850,716646164
VvWgeA,1.041161,5198,689643890,662379458
ak6i1L,1.003649,5532,721102850,718481270
VvWgeA,1.041161,5198,689643890,662379458
ak6i1L,1.003649,5532,721102850,718481270
VvWgeA,1.041491,5207,690954680,663428090
ak6i1L,1.003636,5552,723724430,721102850
VvWgeA,1.040999,5218,692265470,665001038
ak6i1L,1.003636,5552,723724430,721102850
VvWgeA,1.042970,5223,693576260,665001038
ak6i1L,1.003622,5572,726346010,723724430
VvWgeA,1.040838,5238,694887050,667622618
ak6i1L,1.007245,5582,728967590,723724430
VvWgeA,1.044765,5248,697508630,667622618
ak6i1L,1.003609,5592,728967590,726346010
VvWgeA,1.042309,5254,697508630,669195566
ak6i1L,1.005053,5596,730016222,726346010
VvWgeA,1.044590,5268,700130210,670244198
ak6i1L,1.005035,5616,732637802,728967590
VvWgeA,1.044590,5268,700130210,670244198
ak6i1L,1.005035,5616,732637802,728967590
VvWgeA,1.040520,5278,700130210,672865778
ak6i1L,1.005035,5616,732637802,728967590
VvWgeA,1.040894,5281,700654526,673127936
ak6i1L,1.008936,5661,739978226,733424276
VvWgeA,1.045443,5352,711665162,680730518
ak6i1L,1.008419,5766,753610442,747318650
VvWgeA,1.045530,5432,722413640,690954680
ak6i1L,1.003455,5840,761475182,758853602
VvWgeA,1.045290,5505,732113486,700392368
ak6i1L,1.004413,5945,775631714,772223660
VvWgeA,1.043740,5601,744434912,713238110
ak6i1L,1.006670,6058,791361194,786118034
VvWgeA,1.044321,5668,753610442,721627166
ak6i1L,1.003291,6128,799225934,796604354
VvWgeA,1.043094,5730,761475182,730016222
ak6i1L,1.004254,6165,804469094,801061040
VvWgeA,1.040887,5781,767504816,737356646
ak6i1L,1.003227,6248,814955414,812333834
VvWgeA,1.044253,5815,773272292,740502542
ak6i1L,1.005764,6304,823344470,818625626
VvWgeA,1.040047,5899,782972138,752823968
ak6i1L,1.005972,6423,839073950,834092948
VvWgeA,1.038979,6004,796604354,766718342
ak6i1L,1.006168,6546,855327746,850084586
VvWgeA,1.037029,6147,814955414,785855876
ak6i1L,1.004529,6679,872105858,868173488
VvWgeA,1.036212,6226,825179576,796342196
ak6i1L,1.004767,6770,884165126,879970598
VvWgeA,1.036125,6297,834617264,805517726
ak6i1L,1.003525,6862,895700078,892554182
VvWgeA,1.034343,6379,844841426,816790520
ak6i1L,1.005222,6952,908283662,903564818
VvWgeA,1.035526,6458,855852062,826490366
ak6i1L,1.004880,7029,917737450,913280764
VvWgeA,1.037693,6528,866076224,834617264
ak6i1L,1.005665,7126,930845350,925602190
VvWgeA,1.035265,6620,877349018,847463006
ak6i1L,1.002793,7216,941331670,938710090
VvWgeA,1.033918,6697,887048864,857949326
ak6i1L,1.002479,7315,954177412,951817990
VvWgeA,1.035383,6771,897535184,866862698
ak6i1L,1.002450,7401,965450206,963090784
VvWgeA,1.038062,6841,908021504,874727438
ak6i1L,1.006197,7491,979082422,973052788
VvWgeA,1.036741,6920,917737450,885213758
ak6i1L,1.009603,7578,992190322,982752634
VvWgeA,1.035099,7004,928223770,896748710
ak6i1L,1.002812,7665,1000237860,997433482
VvWgeA,1.038383,7109,943691092,908807978
ak6i1L,1.000000,7676,1000237860,1000237860
VvWgeA,1.036924,7216,957061150,922980610
ak6i1L,1.000000,7676,1000237860,1000237860
VvWgeA,1.034630,7330,971217682,938710090
ak6i1L,1.000000,7676,1000237860,1000237860
VvWgeA,1.034343,7449,986947162,954177412
ak6i1L,1.000000,7676,1000237860,1000237860
VvWgeA,1.032668,7555,1000237860,968596102
ak6i1L,1.000000,7676,1000237860,1000237860
VvWgeA,1.013197,7626,1000237860,987209320
ak6i1L,1.000000,7676,1000237860,1000237860
