id,debt_ratio,exchanges,bytes_sent,bytes_received
dKYM5y,0.000000,0,0,0
WkMWyw,4.874765,82,13192630,2706310
dKYM5y,0.770656,114,10571050,13716946
WkMWyw,1.412382,191,26038372,18435790
dKYM5y,0.857581,217,23678950,27611320
WkMWyw,1.249328,292,39408430,31543690
dKYM5y,0.881489,323,37049008,42030010
WkMWyw,1.114729,390,50943382,45700222
dKYM5y,0.928340,425,50943382,54875752
WkMWyw,1.093317,470,61429702,56186542
dKYM5y,0.921360,510,61429702,66672862
WkMWyw,1.037832,560,71916022,69294442
dKYM5y,0.941646,587,71916022,76372708
WkMWyw,1.038422,658,85023922,81878026
dKYM5y,0.970089,680,85023922,87645502
WkMWyw,1.027908,748,96558874,93937294
dKYM5y,0.922745,768,93937294,101802034
WkMWyw,1.050210,838,109666774,104423614
dKYM5y,0.931557,868,107045194,114909934
WkMWyw,1.044611,938,122774674,117531514
dKYM5y,0.936647,969,120153094,128279992
WkMWyw,1.021682,1047,135882574,132998836
dKYM5y,0.954915,1062,133260994,139552786
WkMWyw,1.042646,1123,147417526,141387892
dKYM5y,0.948482,1156,144795946,152660686
WkMWyw,1.033765,1226,160525426,155282266
dKYM5y,0.936741,1246,155282266,165768586
WkMWyw,1.026758,1309,171011746,166555060
dKYM5y,0.954705,1316,165768586,173633326
WkMWyw,1.020518,1400,182546698,178876486
dKYM5y,0.964149,1391,176254906,182808856
WkMWyw,1.020766,1481,193295176,189362806
dKYM5y,0.961091,1483,187789858,195392440
WkMWyw,1.036538,1582,208238182,200897758
dKYM5y,0.969556,1574,200373442,206665234
WkMWyw,1.037206,1664,219248818,211384078
dKYM5y,0.964553,1684,214005658,221870398
WkMWyw,1.028027,1758,230783770,224491978
dKYM5y,0.977435,1774,227113558,232356718
WkMWyw,1.023069,1863,244153828,238648510
dKYM5y,0.968028,1868,238124194,245988934
WkMWyw,1.021045,1942,254377990,249134830
dKYM5y,0.978469,1951,250183462,255688780
WkMWyw,1.019994,2042,267485890,262242730
dKYM5y,0.980589,2062,264864310,270107470
WkMWyw,1.018970,2150,281642422,276399262
dKYM5y,0.973986,2146,274826314,282166738
WkMWyw,1.013770,2215,289507162,285574792
dKYM5y,0.969760,2236,285836950,294750322
WkMWyw,1.015730,2328,304712326,299993482
dKYM5y,0.976116,2338,299993482,307333906
WkMWyw,1.010064,2418,315722962,312577066
dKYM5y,0.977710,2417,310479802,317558068
WkMWyw,1.006460,2506,326733598,324636334
dKYM5y,0.979338,2512,323063386,329879494
WkMWyw,1.000000,2598,337744234,337744234
dKYM5y,0.987638,2594,335122654,339317182
WkMWyw,1.000000,2698,350852134,350852134
dKYM5y,0.992528,2688,348230554,350852134
WkMWyw,1.005079,2785,363173560,361338454
dKYM5y,0.984874,2777,358454716,363960034
WkMWyw,1.004922,2873,374708512,372873406
dKYM5y,0.981923,2872,370251826,377067934
WkMWyw,0.994668,3014,391224466,393321730
dKYM5y,0.980163,3016,388602886,396467626
WkMWyw,1.000000,3126,406953946,406953946
dKYM5y,0.980798,3116,401710786,409575526
WkMWyw,0.998132,3231,420324004,421110478
dKYM5y,0.976461,3212,413245738,423207742
WkMWyw,1.000000,3314,431596798,431596798
dKYM5y,0.979373,3284,423207742,432121114
WkMWyw,0.995284,3406,442607434,444704698
dKYM5y,0.976873,3355,431858956,442083118
WkMWyw,0.993552,3509,454666702,457617336
dKYM5y,0.977975,3434,442345276,452307280
WkMWyw,0.975133,3615,462615062,474412172
dKYM5y,0.986710,3517,453880228,459993482
WkMWyw,0.980007,3705,475460804,485160650
dKYM5y,0.987177,3605,464188010,470217644
WkMWyw,0.988893,3801,490141652,495646970
dKYM5y,0.989581,3669,473101382,478082384
WkMWyw,0.983442,3874,498268550,506657606
dKYM5y,0.988125,3724,479917490,485684966
WkMWyw,0.982694,3936,506133290,515046662
dKYM5y,0.987835,3799,489617336,495646970
WkMWyw,0.984884,3980,512425082,520289822
dKYM5y,0.987956,3837,494598338,500627972
WkMWyw,0.985183,4060,522911402,530776142
dKYM5y,0.989662,3890,501938762,507181922
WkMWyw,0.985328,4100,528154562,536019302
dKYM5y,0.989715,3910,504560342,509803502
WkMWyw,0.985328,4100,528154562,536019302
dKYM5y,0.989715,3910,504560342,509803502
WkMWyw,0.990218,4110,530776142,536019302
dKYM5y,0.989768,3930,507181922,512425082
WkMWyw,0.990266,4130,533397722,538640882
dKYM5y,0.989768,3930,507181922,512425082
WkMWyw,0.990266,4130,533397722,538640882
dKYM5y,0.994884,3940,509803502,512425082
WkMWyw,0.985470,4140,533397722,541262462
dKYM5y,0.994884,3940,509803502,512425082
WkMWyw,0.985470,4140,533397722,541262462
dKYM5y,0.994884,3940,509803502,512425082
WkMWyw,0.985470,4140,533397722,541262462
dKYM5y,0.994884,3940,509803502,512425082
WkMWyw,0.990313,4150,536019302,541262462
dKYM5y,0.989820,3950,509803502,515046662
WkMWyw,0.990313,4150,536019302,541262462
dKYM5y,0.989820,3950,509803502,515046662
WkMWyw,0.990313,4150,536019302,541262462
dKYM5y,0.989820,3950,509803502,515046662
WkMWyw,0.990313,4150,536019302,541262462
dKYM5y,0.989820,3950,509803502,515046662
WkMWyw,0.990313,4150,536019302,541262462
dKYM5y,0.993383,3957,511638608,515046662
WkMWyw,0.985540,4160,536019302,543884042
dKYM5y,0.994910,3960,512425082,515046662
WkMWyw,0.985540,4160,536019302,543884042
dKYM5y,0.994910,3960,512425082,515046662
WkMWyw,0.985540,4160,536019302,543884042
dKYM5y,0.994910,3960,512425082,515046662
WkMWyw,0.985540,4160,536019302,543884042
dKYM5y,0.989872,3970,512425082,517668242
WkMWyw,0.990360,4170,538640882,543884042
dKYM5y,0.989872,3970,512425082,517668242
WkMWyw,0.990360,4170,538640882,543884042
dKYM5y,0.989872,3970,512425082,517668242
WkMWyw,0.985609,4180,538640882,546505622
dKYM5y,0.994936,3980,515046662,517668242
WkMWyw,0.985609,4180,538640882,546505622
dKYM5y,0.994936,3980,515046662,517668242
WkMWyw,0.985609,4180,538640882,546505622
dKYM5y,0.994936,3980,515046662,517668242
WkMWyw,0.985609,4180,538640882,546505622
dKYM5y,0.994936,3980,515046662,517668242
WkMWyw,0.985609,4180,538640882,546505622
dKYM5y,0.994936,3980,515046662,517668242
WkMWyw,0.990406,4190,541262462,546505622
dKYM5y,0.994936,3980,515046662,517668242
WkMWyw,0.990406,4190,541262462,546505622
dKYM5y,0.989923,3990,515046662,520289822
WkMWyw,0.990406,4190,541262462,546505622
dKYM5y,0.994961,4000,517668242,520289822
WkMWyw,0.990406,4190,541262462,546505622
dKYM5y,0.994961,4000,517668242,520289822
WkMWyw,0.988509,4194,541262462,547554254
dKYM5y,0.994961,4000,517668242,520289822
WkMWyw,0.988509,4194,541262462,547554254
dKYM5y,0.994961,4000,517668242,520289822
WkMWyw,0.988509,4194,541262462,547554254
dKYM5y,0.994961,4000,517668242,520289822
WkMWyw,0.988509,4194,541262462,547554254
dKYM5y,0.994961,4000,517668242,520289822
WkMWyw,0.993297,4204,543884042,547554254
dKYM5y,0.992960,4004,517668242,521338454
WkMWyw,0.993297,4204,543884042,547554254
dKYM5y,0.989973,4010,517668242,522911402
WkMWyw,0.993297,4204,543884042,547554254
dKYM5y,0.989973,4010,517668242,522911402
WkMWyw,0.988564,4214,543884042,550175834
dKYM5y,0.994987,4020,520289822,522911402
WkMWyw,0.988564,4214,543884042,550175834
dKYM5y,0.994987,4020,520289822,522911402
WkMWyw,0.988564,4214,543884042,550175834
dKYM5y,0.994987,4020,520289822,522911402
WkMWyw,0.988564,4214,543884042,550175834
dKYM5y,0.994987,4020,520289822,522911402
WkMWyw,0.993329,4224,546505622,550175834
dKYM5y,0.994987,4020,520289822,522911402
WkMWyw,0.993329,4224,546505622,550175834
dKYM5y,0.990023,4030,520289822,525532982
WkMWyw,0.993329,4224,546505622,550175834
dKYM5y,0.990023,4030,520289822,525532982
WkMWyw,0.993329,4224,546505622,550175834
dKYM5y,0.995012,4040,522911402,525532982
WkMWyw,0.993329,4224,546505622,550175834
dKYM5y,0.995012,4040,522911402,525532982
WkMWyw,0.988618,4234,546505622,552797414
dKYM5y,0.995012,4040,522911402,525532982
WkMWyw,0.990515,4238,547554254,552797414
dKYM5y,0.995522,4051,524484350,526843772
WkMWyw,0.990648,4298,555418994,560662154
dKYM5y,1.000000,4150,538640882,538640882
WkMWyw,0.989994,4416,570624158,576391634
dKYM5y,0.999052,4256,552273098,552797414
WkMWyw,0.989830,4541,586877954,592907588
dKYM5y,1.000463,4359,566167472,565905314
WkMWyw,0.991382,4662,603131750,608374910
dKYM5y,1.000907,4452,578488898,577964582
WkMWyw,0.990688,4744,613618070,619385546
dKYM5y,1.000000,4536,589237376,589237376
WkMWyw,0.985931,4840,624628706,633542078
dKYM5y,0.999563,4619,599985854,600248012
WkMWyw,0.983378,4933,635901500,646649978
dKYM5y,0.999570,4689,609161384,609423542
WkMWyw,0.980132,5024,646649978,659757878
dKYM5y,1.002116,4771,620696336,619385546
WkMWyw,0.973609,5126,657660614,675487358
dKYM5y,1.000000,4846,629871866,629871866
WkMWyw,0.971763,5208,667622618,687022310
dKYM5y,1.000000,4906,637736606,637736606
WkMWyw,0.970761,5298,678895412,699343736
dKYM5y,0.995559,4983,646387820,649271558
WkMWyw,0.966883,5386,688857416,712451636
dKYM5y,0.991669,5061,655301192,660806510
WkMWyw,0.967399,5472,700130210,723724430
dKYM5y,0.991014,5137,665001038,671030672
WkMWyw,0.966603,5576,713238110,737880962
dKYM5y,0.993850,5228,677846780,682041308
WkMWyw,0.965140,5678,725821694,752037494
dKYM5y,0.992047,5301,686760152,692265470
WkMWyw,0.962260,5760,735259382,764096762
dKYM5y,0.994726,5336,692265470,695935682
WkMWyw,0.962389,5780,737880962,766718342
dKYM5y,0.992483,5342,692265470,697508630
WkMWyw,0.962389,5780,737880962,766718342
dKYM5y,0.992483,5342,692265470,697508630
WkMWyw,0.962389,5780,737880962,766718342
dKYM5y,0.992483,5342,692265470,697508630
WkMWyw,0.962389,5780,737880962,766718342
dKYM5y,0.992483,5342,692265470,697508630
WkMWyw,0.962389,5780,737880962,766718342
dKYM5y,0.992483,5342,692265470,697508630
WkMWyw,0.962389,5780,737880962,766718342
dKYM5y,0.996242,5352,694887050,697508630
WkMWyw,0.962517,5800,740502542,769339922
dKYM5y,0.995493,5354,694887050,698032946
WkMWyw,0.962517,5800,740502542,769339922
dKYM5y,0.992511,5362,694887050,700130210
WkMWyw,0.962517,5800,740502542,769339922
dKYM5y,0.992511,5362,694887050,700130210
WkMWyw,0.962517,5800,740502542,769339922
dKYM5y,0.992511,5362,694887050,700130210
WkMWyw,0.962517,5800,740502542,769339922
dKYM5y,0.992511,5362,694887050,700130210
WkMWyw,0.959248,5810,740502542,771961502
dKYM5y,0.992511,5362,694887050,700130210
WkMWyw,0.962644,5820,743124122,771961502
dKYM5y,0.992539,5382,697508630,702751790
WkMWyw,0.962644,5820,743124122,771961502
dKYM5y,0.992539,5382,697508630,702751790
WkMWyw,0.962770,5840,745745702,774583082
dKYM5y,0.996270,5392,700130210,702751790
WkMWyw,0.964967,5874,750988862,778253294
dKYM5y,1.000000,5482,713238110,713238110
WkMWyw,0.963434,6001,766718342,795817880
dKYM5y,0.998199,5589,726608168,727918958
WkMWyw,0.961273,6118,780874874,812333834
dKYM5y,1.000000,5650,735259382,735259382
WkMWyw,0.961398,6138,783496454,814955414
dKYM5y,1.000000,5670,737880962,737880962
WkMWyw,0.961398,6138,783496454,814955414
dKYM5y,1.000000,5670,737880962,737880962
WkMWyw,0.964615,6148,786118034,814955414
dKYM5y,1.000000,5670,737880962,737880962
WkMWyw,0.964728,6168,788739614,817576994
dKYM5y,1.000000,5710,743124122,743124122
WkMWyw,0.965064,6228,796604354,825441734
dKYM5y,1.003479,5800,756232022,753610442
WkMWyw,0.964103,6333,809712254,839860424
dKYM5y,1.003067,5919,771699344,769339922
WkMWyw,0.966581,6455,826490366,855065588
dKYM5y,0.996665,6028,783496454,786118034
WkMWyw,0.968643,6570,842219846,869484278
dKYM5y,1.000000,6118,796604354,796604354
WkMWyw,0.963562,6669,852706166,884951600
dKYM5y,0.998377,6197,806304200,807614990
WkMWyw,0.966634,6760,865814066,895700078
dKYM5y,0.998717,6274,816528362,817576994
WkMWyw,0.963333,6841,874727438,908021504
dKYM5y,0.998731,6342,825441734,826490366
WkMWyw,0.967132,6929,887573180,917737450
dKYM5y,0.999374,6428,836976686,837501002
WkMWyw,0.970610,7020,900943238,928223770
dKYM5y,1.000618,6510,848249480,847725164
WkMWyw,0.969348,7114,912478190,941331670
dKYM5y,1.002138,6597,860308748,858473642
WkMWyw,0.967314,7207,923242768,954439570
dKYM5y,1.002115,6667,869484278,867649172
WkMWyw,0.970147,7304,937137142,965974522
dKYM5y,1.001193,6750,879970598,878921966
WkMWyw,0.966887,7410,949196410,981704002
dKYM5y,1.002061,6841,892292024,890456918
WkMWyw,0.968293,7494,960731362,992190322
dKYM5y,1.002331,6914,901991870,899894606
WkMWyw,0.973346,7574,973577104,1000237860
dKYM5y,1.002306,6986,911429558,909332294
WkMWyw,0.985402,7620,985636372,1000237860
dKYM5y,1.003703,7079,923767084,920359030
WkMWyw,1.000000,7676,1000237860,1000237860
dKYM5y,1.002808,7176,936088510,933466930
WkMWyw,1.000000,7676,1000237860,1000237860
dKYM5y,1.005524,7306,954439570,949196410
WkMWyw,1.000000,7676,1000237860,1000237860
dKYM5y,1.001903,7409,966236680,964401574
WkMWyw,1.000000,7676,1000237860,1000237860
dKYM5y,1.002670,7544,984325582,981704002
WkMWyw,1.000000,7676,1000237860,1000237860
