id,debt_ratio,exchanges,bytes_sent,bytes_received
NnP1WZ,1110.000000,1,1110,0
SEJWmw,1.051751,61,5327890,5065732
NnP1WZ,1.496789,147,19746580,13192630
SEJWmw,1.142201,172,21057370,18435790
NnP1WZ,1.166219,282,36786850,31543690
SEJWmw,0.970221,286,34165270,35213902
NnP1WZ,1.091732,409,53040646,48583960
SEJWmw,1.000000,390,48321802,48321802
NnP1WZ,1.040929,520,66672862,64051282
SEJWmw,1.012803,493,62216176,61429702
NnP1WZ,1.033976,620,79780762,77159182
SEJWmw,1.024534,599,76634866,74799760
NnP1WZ,1.011617,714,91315714,90267082
SEJWmw,1.000000,690,87645502,87645502
NnP1WZ,1.023177,807,104161456,101802034
SEJWmw,1.000000,778,99180454,99180454
NnP1WZ,0.997769,917,117269356,117531514
SEJWmw,0.995437,896,114385618,114909934
NnP1WZ,1.000000,998,128017834,128017834
SEJWmw,0.995836,980,125396254,125920570
NnP1WZ,0.981561,1096,139552786,142174366
SEJWmw,1.009573,1071,138241996,136931206
NnP1WZ,1.000000,1186,152660686,152660686
SEJWmw,1.005269,1163,150039106,149252632
NnP1WZ,1.000000,1286,165768586,165768586
SEJWmw,1.027673,1267,165506428,161049742
NnP1WZ,0.989711,1375,176517064,178352170
SEJWmw,1.012079,1354,175730590,173633326
NnP1WZ,0.998623,1473,190149280,190411438
SEJWmw,1.014158,1444,187789858,185168278
NnP1WZ,0.998712,1573,203257180,203519338
SEJWmw,1.037517,1542,202995022,195654598
NnP1WZ,0.998790,1673,216365080,216627238
SEJWmw,1.022604,1632,213481342,208762498
NnP1WZ,1.000000,1762,228162190,228162190
SEJWmw,1.023632,1734,227113558,221870398
NnP1WZ,0.996740,1859,240483616,241270090
SEJWmw,1.022464,1822,238648510,233405350
NnP1WZ,0.989694,1952,251756410,254377990
SEJWmw,1.021269,1922,251756410,246513250
NnP1WZ,0.990102,2032,262242730,264864310
SEJWmw,1.019166,2023,264864310,259883308
NnP1WZ,0.989577,2121,273777682,276661420
SEJWmw,1.017220,2130,278758684,274039840
NnP1WZ,0.990928,2216,286361266,288982846
SEJWmw,1.018276,2230,292128742,286885582
NnP1WZ,0.991261,2300,297371902,299993482
SEJWmw,1.008739,2320,302615062,299993482
NnP1WZ,0.991627,2400,310479802,313101382
SEJWmw,1.008373,2420,315722962,313101382
NnP1WZ,0.993487,2470,319917490,322014754
SEJWmw,1.008075,2508,327257914,324636334
NnP1WZ,0.996089,2573,333811864,335122654
SEJWmw,1.015645,2598,340365814,335122654
NnP1WZ,1.005338,2651,345608974,343773868
SEJWmw,1.007643,2648,345608974,342987394
NnP1WZ,1.000000,2658,345608974,345608974
SEJWmw,1.007643,2648,345608974,342987394
NnP1WZ,1.000000,2658,345608974,345608974
SEJWmw,1.007643,2648,345608974,342987394
NnP1WZ,1.000000,2658,345608974,345608974
SEJWmw,1.007643,2648,345608974,342987394
NnP1WZ,1.007585,2668,348230554,345608974
SEJWmw,1.007643,2648,345608974,342987394
NnP1WZ,1.000000,2678,348230554,348230554
SEJWmw,1.007643,2648,345608974,342987394
NnP1WZ,1.000000,2678,348230554,348230554
SEJWmw,1.000000,2658,345608974,345608974
NnP1WZ,1.000000,2678,348230554,348230554
SEJWmw,1.007585,2668,348230554,345608974
NnP1WZ,1.000000,2678,348230554,348230554
SEJWmw,1.007585,2668,348230554,345608974
NnP1WZ,1.000000,2678,348230554,348230554
SEJWmw,1.007585,2668,348230554,345608974
NnP1WZ,1.000000,2678,348230554,348230554
SEJWmw,1.007585,2668,348230554,345608974
NnP1WZ,1.007528,2688,350852134,348230554
SEJWmw,1.007585,2668,348230554,345608974
NnP1WZ,1.007528,2688,350852134,348230554
SEJWmw,1.007585,2668,348230554,345608974
NnP1WZ,1.000000,2698,350852134,350852134
SEJWmw,1.007585,2668,348230554,345608974
NnP1WZ,1.000000,2698,350852134,350852134
SEJWmw,1.000000,2678,348230554,348230554
NnP1WZ,1.000000,2698,350852134,350852134
SEJWmw,1.007528,2688,350852134,348230554
NnP1WZ,1.000000,2698,350852134,350852134
SEJWmw,1.007528,2688,350852134,348230554
NnP1WZ,1.007472,2708,353473714,350852134
SEJWmw,1.007528,2688,350852134,348230554
NnP1WZ,1.007472,2708,353473714,350852134
SEJWmw,1.007528,2688,350852134,348230554
NnP1WZ,1.007472,2708,353473714,350852134
SEJWmw,1.007528,2688,350852134,348230554
NnP1WZ,1.007472,2708,353473714,350852134
SEJWmw,1.007528,2688,350852134,348230554
NnP1WZ,1.000000,2718,353473714,353473714
SEJWmw,1.007528,2688,350852134,348230554
NnP1WZ,1.000000,2718,353473714,353473714
SEJWmw,1.000000,2698,350852134,350852134
NnP1WZ,1.000000,2718,353473714,353473714
SEJWmw,1.000000,2698,350852134,350852134
NnP1WZ,1.000000,2718,353473714,353473714
SEJWmw,1.007472,2708,353473714,350852134
NnP1WZ,1.007417,2728,356095294,353473714
SEJWmw,1.007472,2708,353473714,350852134
NnP1WZ,1.007417,2728,356095294,353473714
SEJWmw,1.007472,2708,353473714,350852134
NnP1WZ,1.007417,2728,356095294,353473714
SEJWmw,1.007472,2708,353473714,350852134
NnP1WZ,1.000000,2738,356095294,356095294
SEJWmw,1.000000,2718,353473714,353473714
NnP1WZ,1.000000,2738,356095294,356095294
SEJWmw,1.000000,2718,353473714,353473714
NnP1WZ,1.004341,2792,363960034,362387086
SEJWmw,1.007131,2836,370251826,367630246
NnP1WZ,1.010458,2905,379951672,376019302
SEJWmw,1.008908,2953,385981306,382573252
NnP1WZ,1.005354,3018,393846046,391748782
SEJWmw,1.011902,3064,401186470,396467626
NnP1WZ,1.001290,3124,406953946,406429630
SEJWmw,1.018622,3165,415867318,408264736
NnP1WZ,1.000000,3194,415867318,415867318
SEJWmw,1.015690,3233,424256374,417702424
NnP1WZ,0.990198,3270,423732058,427926586
SEJWmw,1.020106,3337,438937222,430286008
NnP1WZ,0.992212,3347,434218378,437626432
SEJWmw,1.023862,3414,449947858,439461538
NnP1WZ,0.988279,3414,442083118,447326278
SEJWmw,1.025822,3508,461566430,449947858
NnP1WZ,0.995221,3504,454142386,456323270
SEJWmw,1.034273,3602,474674330,458944850
NnP1WZ,0.993268,3594,464188010,467333906
SEJWmw,1.033877,3703,488044388,472052750
NnP1WZ,0.989075,3682,474674330,479917490
SEJWmw,1.040203,3796,501938762,482539070
NnP1WZ,0.988252,3764,485160650,490928126
SEJWmw,1.043556,3888,515046662,493549706
NnP1WZ,0.987465,3846,495646970,501938762
SEJWmw,1.043192,3967,525532982,503773868
NnP1WZ,0.984132,3917,504036026,512162924
SEJWmw,1.041780,4048,536019302,514522346
NnP1WZ,0.986939,3996,515046662,521862770
SEJWmw,1.041903,4134,547554254,525532982
NnP1WZ,0.983805,4083,525532982,534184196
SEJWmw,1.050598,4215,560662154,533659880
NnP1WZ,0.986504,4162,536543618,543884042
SEJWmw,1.051328,4317,574556528,546505622
NnP1WZ,0.988618,4234,546505622,552797414
SEJWmw,1.051920,4388,584256374,555418994
NnP1WZ,0.987434,4311,556205468,563283734
SEJWmw,1.057444,4482,598412906,565905314
NnP1WZ,0.986230,4368,563283734,571148474
SEJWmw,1.057179,4502,601034486,568526894
NnP1WZ,0.986230,4368,563283734,571148474
SEJWmw,1.057179,4502,601034486,568526894
NnP1WZ,0.986230,4368,563283734,571148474
SEJWmw,1.057179,4502,601034486,568526894
NnP1WZ,0.981724,4378,563283734,573770054
SEJWmw,1.052809,4511,601034486,570886316
NnP1WZ,0.986293,4388,565905314,573770054
SEJWmw,1.052326,4512,601034486,571148474
NnP1WZ,0.986293,4388,565905314,573770054
SEJWmw,1.056916,4522,603656066,571148474
NnP1WZ,0.986293,4388,565905314,573770054
SEJWmw,1.056916,4522,603656066,571148474
NnP1WZ,0.986293,4388,565905314,573770054
SEJWmw,1.056916,4522,603656066,571148474
NnP1WZ,0.981807,4398,565905314,576391634
SEJWmw,1.056916,4522,603656066,571148474
NnP1WZ,0.981807,4398,565905314,576391634
SEJWmw,1.056916,4522,603656066,571148474
NnP1WZ,0.986355,4408,568526894,576391634
SEJWmw,1.052087,4532,603656066,573770054
NnP1WZ,0.986355,4408,568526894,576391634
SEJWmw,1.056656,4542,606277646,573770054
NnP1WZ,0.986355,4408,568526894,576391634
SEJWmw,1.056656,4542,606277646,573770054
NnP1WZ,0.981889,4418,568526894,579013214
SEJWmw,1.056656,4542,606277646,573770054
NnP1WZ,0.981889,4418,568526894,579013214
SEJWmw,1.056656,4542,606277646,573770054
NnP1WZ,0.986417,4428,571148474,579013214
SEJWmw,1.056656,4542,606277646,573770054
NnP1WZ,0.986417,4428,571148474,579013214
SEJWmw,1.056398,4562,608899226,576391634
NnP1WZ,0.981971,4438,571148474,581634794
SEJWmw,1.056398,4562,608899226,576391634
NnP1WZ,0.981971,4438,571148474,581634794
SEJWmw,1.056398,4562,608899226,576391634
NnP1WZ,0.986478,4448,573770054,581634794
SEJWmw,1.056143,4582,611520806,579013214
NnP1WZ,0.982211,4498,579013214,589499534
SEJWmw,1.052593,4685,624366548,593169746
NnP1WZ,0.982629,4606,593169746,603656066
SEJWmw,1.051889,4786,637736606,606277646
NnP1WZ,0.987248,4716,608899226,616763966
SEJWmw,1.048048,4900,651893138,622007126
NnP1WZ,0.986637,4798,619385546,627774602
SEJWmw,1.051396,4990,665001038,632493446
NnP1WZ,0.990982,4898,633804236,639571712
SEJWmw,1.051634,5087,678108938,644814872
NnP1WZ,0.989502,4968,642455450,649271558
SEJWmw,1.053672,5168,689643890,654514718
NnP1WZ,0.989271,5047,652679612,659757878
SEJWmw,1.059320,5248,702227474,662903774
NnP1WZ,0.991776,5127,663952406,669457724
SEJWmw,1.057117,5335,713238110,674700884
NnP1WZ,0.991501,5196,672865778,678633254
SEJWmw,1.061288,5422,726346010,684400730
NnP1WZ,0.988997,5283,683352098,690954680
SEJWmw,1.059985,5501,736570172,694887050
NnP1WZ,0.988796,5366,694100576,701965316
SEJWmw,1.063719,5579,748367282,703538264
NnP1WZ,0.989325,5445,704586896,712189478
SEJWmw,1.066064,5670,761475182,714286742
NnP1WZ,0.990202,5525,715335374,722413640
SEJWmw,1.063523,5758,772485818,726346010
NnP1WZ,0.991045,5599,725297378,731851328
SEJWmw,1.069171,5844,786118034,735259382
NnP1WZ,0.989766,5679,735259382,742861964
SEJWmw,1.067073,5927,796604354,746532176
NnP1WZ,0.992672,5751,745745702,751251020
SEJWmw,1.067020,6024,809712254,758853602
NnP1WZ,0.993456,5829,756232022,761213024
SEJWmw,1.068763,6118,823082312,770126396
NnP1WZ,0.996266,5921,769339922,772223660
SEJWmw,1.074008,6206,836976686,779301926
NnP1WZ,0.995327,6018,781661348,785331560
SEJWmw,1.079053,6300,851657534,789263930
NnP1WZ,0.996051,6106,793458458,796604354
SEJWmw,1.076505,6392,863192486,801847514
NnP1WZ,0.994803,6182,802896146,807090674
SEJWmw,1.077726,6483,876038228,812858150
NnP1WZ,0.995504,6254,812595992,816266204
SEJWmw,1.079359,6565,887835338,822557996
NnP1WZ,1.000000,6326,823868786,823868786
SEJWmw,1.083475,6630,898321658,829111946
NnP1WZ,0.998429,6401,833044316,834355106
SEJWmw,1.085242,6719,911167400,839598266
NnP1WZ,0.998756,6470,842219846,843268478
SEJWmw,1.080078,6746,912494290,844841426
NnP1WZ,0.998759,6482,843792794,844841426
SEJWmw,1.080078,6746,912494290,844841426
NnP1WZ,1.000000,6486,844841426,844841426
SEJWmw,1.083181,6756,915115870,844841426
NnP1WZ,1.000000,6486,844841426,844841426
SEJWmw,1.083181,6756,915115870,844841426
NnP1WZ,1.000000,6486,844841426,844841426
SEJWmw,1.079830,6766,915115870,847463006
NnP1WZ,0.996907,6496,844841426,847463006
SEJWmw,1.082923,6776,917737450,847463006
NnP1WZ,1.000000,6506,847463006,847463006
SEJWmw,1.082923,6776,917737450,847463006
NnP1WZ,1.000000,6506,847463006,847463006
SEJWmw,1.082923,6776,917737450,847463006
NnP1WZ,0.996916,6516,847463006,850084586
SEJWmw,1.082923,6776,917737450,847463006
NnP1WZ,0.996916,6516,847463006,850084586
SEJWmw,1.079584,6786,917737450,850084586
NnP1WZ,0.996916,6516,847463006,850084586
SEJWmw,1.082668,6796,920359030,850084586
NnP1WZ,1.000000,6526,850084586,850084586
SEJWmw,1.082668,6796,920359030,850084586
NnP1WZ,1.000000,6526,850084586,850084586
SEJWmw,1.082668,6796,920359030,850084586
NnP1WZ,0.996926,6536,850084586,852706166
SEJWmw,1.082668,6796,920359030,850084586
NnP1WZ,0.996926,6536,850084586,852706166
SEJWmw,1.082668,6796,920359030,850084586
NnP1WZ,0.996926,6536,850084586,852706166
SEJWmw,1.082668,6796,920359030,850084586
NnP1WZ,0.996926,6536,850084586,852706166
SEJWmw,1.082668,6796,920359030,850084586
NnP1WZ,1.000000,6546,852706166,852706166
SEJWmw,1.082413,6816,922980610,852706166
NnP1WZ,1.000000,6546,852706166,852706166
SEJWmw,1.082413,6816,922980610,852706166
NnP1WZ,1.000000,6546,852706166,852706166
SEJWmw,1.082413,6816,922980610,852706166
NnP1WZ,0.996935,6556,852706166,855327746
SEJWmw,1.082413,6816,922980610,852706166
NnP1WZ,0.996935,6556,852706166,855327746
SEJWmw,1.079096,6826,922980610,855327746
NnP1WZ,1.000000,6566,855327746,855327746
SEJWmw,1.082161,6836,925602190,855327746
NnP1WZ,1.000000,6566,855327746,855327746
SEJWmw,1.082161,6836,925602190,855327746
NnP1WZ,1.000000,6566,855327746,855327746
SEJWmw,1.082161,6836,925602190,855327746
NnP1WZ,0.996944,6576,855327746,857949326
SEJWmw,1.082161,6836,925602190,855327746
NnP1WZ,0.998778,6582,856900694,857949326
SEJWmw,1.081166,6916,936088510,865814066
NnP1WZ,0.995797,6688,869484278,873154490
SEJWmw,1.078668,7020,949196410,879970598
NnP1WZ,0.995276,6798,883640810,887835338
SEJWmw,1.081623,7134,965974522,893078498
NnP1WZ,0.996796,6897,897273026,900156764
SEJWmw,1.083577,7224,979082422,903564818
NnP1WZ,0.997115,6964,906186398,908807978
SEJWmw,1.087358,7308,992190322,912478190
NnP1WZ,0.996011,7050,916426660,920096872
SEJWmw,1.082474,7385,1000237860,924029242
NnP1WZ,0.994399,7166,930845350,936088510
SEJWmw,1.061986,7453,1000237860,941855986
NnP1WZ,0.995040,7284,946574830,951293674
SEJWmw,1.043114,7518,1000237860,958896256
NnP1WZ,0.997286,7404,963352942,965974522
SEJWmw,1.025176,7582,1000237860,975674368
NnP1WZ,0.994659,7514,976460842,981704002
SEJWmw,1.008111,7645,1000237860,992190322
NnP1WZ,0.994481,7633,991928164,997433482
SEJWmw,1.000000,7676,1000237860,1000237860
