id,debt_ratio,exchanges,bytes_sent,bytes_received
dWYfav,0.000000,0,0,0
W9ZdZQ,1.000000,62,5327890,5327890
dWYfav,1.446393,120,15289894,10571050
W9ZdZQ,1.000000,182,21057370,21057370
dWYfav,1.332141,232,31543690,23678950
W9ZdZQ,1.049885,309,38621956,36786850
dWYfav,1.129598,350,45700222,40457062
W9ZdZQ,1.108505,410,53564962,48321802
dWYfav,1.131099,444,58808122,51992014
W9ZdZQ,1.085352,510,66672862,61429702
dWYfav,1.155532,548,74013286,64051282
W9ZdZQ,1.066825,609,79518604,74537602
dWYfav,1.088142,661,87383344,80305078
W9ZdZQ,1.048732,694,90267082,86072554
dWYfav,1.027908,748,96558874,93937294
W9ZdZQ,1.048870,776,101277718,96558874
dWYfav,1.034626,844,109666774,105996562
W9ZdZQ,1.050563,873,114385618,108880300
dWYfav,1.026530,938,121726042,118580146
W9ZdZQ,1.043637,958,125396254,120153094
dWYfav,0.997997,1019,130639414,130901572
W9ZdZQ,1.027542,1052,136931206,133260994
dWYfav,1.000000,1126,144795946,144795946
W9ZdZQ,1.032472,1148,150039106,145320262
dWYfav,0.988320,1213,155282266,157117372
W9ZdZQ,1.033315,1242,162622690,157379530
dWYfav,1.000000,1306,168390166,168390166
W9ZdZQ,1.028023,1324,173109010,168390166
dWYfav,1.011725,1394,180973750,178876486
W9ZdZQ,1.014361,1424,185168278,182546698
dWYfav,1.013768,1484,193033018,190411438
W9ZdZQ,1.020289,1515,197751862,193819492
dWYfav,0.996151,1577,203519338,204305812
W9ZdZQ,1.012881,1584,206140918,203519338
dWYfav,0.993912,1659,214005658,215316448
W9ZdZQ,1.009566,1702,221346082,219248818
dWYfav,0.988641,1772,228162190,230783770
W9ZdZQ,1.006808,1790,232618876,231045928
dWYfav,0.989251,1872,241270090,243891670
W9ZdZQ,1.010635,1912,249134830,246513250
dWYfav,0.990791,1967,253853674,256213096
W9ZdZQ,1.010201,1992,259621150,256999570
dWYfav,0.988262,2054,264864310,268010206
W9ZdZQ,1.003897,2078,270107470,269058838
dWYfav,0.990604,2140,276399262,279020842
W9ZdZQ,1.009308,2180,284264002,281642422
dWYfav,0.991916,2239,289507162,291866584
W9ZdZQ,1.007115,2278,296847586,294750322
dWYfav,1.000000,2330,302615062,302615062
W9ZdZQ,1.017177,2370,310479802,305236642
dWYfav,1.000000,2430,315722962,315722962
W9ZdZQ,1.008208,2468,322014754,319393174
dWYfav,0.997603,2521,327257914,328044388
W9ZdZQ,1.007947,2548,332501074,329879494
dWYfav,0.998448,2596,337219918,337744234
W9ZdZQ,1.007702,2628,342987394,340365814
dWYfav,0.992539,2692,348754870,351376450
W9ZdZQ,0.992583,2708,350852134,353473714
dWYfav,0.998559,2796,363435718,363960034
W9ZdZQ,0.997127,2802,363960034,365008666
dWYfav,0.994446,2894,375494986,377592250
W9ZdZQ,0.993062,2894,375232828,377854408
dWYfav,0.990015,3011,389913676,393846046
W9ZdZQ,1.000000,3026,393846046,393846046
dWYfav,0.991062,3140,406953946,410624158
W9ZdZQ,1.005794,3137,409575526,407216104
dWYfav,0.989463,3231,418488898,422945584
W9ZdZQ,1.002499,3226,420586162,419537530
dWYfav,0.990293,3302,427926586,432121114
W9ZdZQ,1.006111,3304,431596798,428975218
dWYfav,0.989961,3391,439461538,443918224
W9ZdZQ,1.010725,3396,444704698,439985854
dWYfav,0.987892,3469,449161384,454666702
W9ZdZQ,1.005820,3468,453093754,450472174
dWYfav,0.986400,3546,456323270,462615062
W9ZdZQ,1.006823,3570,464188010,461042114
dWYfav,0.985585,3622,466023116,472839224
W9ZdZQ,1.010013,3654,475985120,471266276
dWYfav,0.987511,3701,476771594,482801228
W9ZdZQ,1.011415,3741,487782230,482276912
dWYfav,0.983499,3767,484374176,492501074
W9ZdZQ,1.015578,3793,495646970,488044388
dWYfav,0.987981,3845,495646970,501676604
W9ZdZQ,1.013160,3865,504560342,498006392
dWYfav,0.989151,3891,501938762,507444080
W9ZdZQ,1.021732,3948,517668242,506657606
dWYfav,0.988802,3948,509279186,515046662
W9ZdZQ,1.025515,4010,526843772,513735872
dWYfav,0.985035,4020,517668242,525532982
W9ZdZQ,1.020155,4050,530776142,520289822
dWYfav,0.985035,4020,517668242,525532982
W9ZdZQ,1.020155,4050,530776142,520289822
dWYfav,0.985109,4040,520289822,528154562
W9ZdZQ,1.020054,4070,533397722,522911402
dWYfav,0.985183,4060,522911402,530776142
W9ZdZQ,1.019954,4090,536019302,525532982
dWYfav,0.985183,4060,522911402,530776142
W9ZdZQ,1.019954,4090,536019302,525532982
dWYfav,0.985183,4060,522911402,530776142
W9ZdZQ,1.019954,4090,536019302,525532982
dWYfav,0.985183,4060,522911402,530776142
W9ZdZQ,1.019954,4090,536019302,525532982
dWYfav,0.985183,4060,522911402,530776142
W9ZdZQ,1.019954,4090,536019302,525532982
dWYfav,0.985183,4060,522911402,530776142
W9ZdZQ,1.019954,4090,536019302,525532982
dWYfav,0.985183,4060,522911402,530776142
W9ZdZQ,1.019954,4090,536019302,525532982
dWYfav,0.985183,4060,522911402,530776142
W9ZdZQ,1.022392,4105,538640882,526843772
dWYfav,0.985255,4080,525532982,533397722
W9ZdZQ,1.019855,4110,538640882,528154562
dWYfav,0.985255,4080,525532982,533397722
W9ZdZQ,1.019855,4110,538640882,528154562
dWYfav,0.985255,4080,525532982,533397722
W9ZdZQ,1.019855,4110,538640882,528154562
dWYfav,0.985255,4080,525532982,533397722
W9ZdZQ,1.019855,4110,538640882,528154562
dWYfav,0.985255,4080,525532982,533397722
W9ZdZQ,1.019855,4110,538640882,528154562
dWYfav,0.985255,4080,525532982,533397722
W9ZdZQ,1.024818,4120,541262462,528154562
dWYfav,0.985255,4080,525532982,533397722
W9ZdZQ,1.024818,4120,541262462,528154562
dWYfav,0.985328,4100,528154562,536019302
W9ZdZQ,1.019757,4130,541262462,530776142
dWYfav,0.985328,4100,528154562,536019302
W9ZdZQ,1.019757,4130,541262462,530776142
dWYfav,0.985328,4100,528154562,536019302
W9ZdZQ,1.019757,4130,541262462,530776142
dWYfav,0.985328,4100,528154562,536019302
W9ZdZQ,1.019757,4130,541262462,530776142
dWYfav,0.985328,4100,528154562,536019302
W9ZdZQ,1.019757,4130,541262462,530776142
dWYfav,0.985328,4100,528154562,536019302
W9ZdZQ,1.019757,4130,541262462,530776142
dWYfav,0.985328,4100,528154562,536019302
W9ZdZQ,1.019757,4130,541262462,530776142
dWYfav,0.985328,4100,528154562,536019302
W9ZdZQ,1.019757,4130,541262462,530776142
dWYfav,0.985328,4100,528154562,536019302
W9ZdZQ,1.024696,4140,543884042,530776142
dWYfav,0.990218,4110,530776142,536019302
W9ZdZQ,1.024696,4140,543884042,530776142
dWYfav,0.990218,4110,530776142,536019302
W9ZdZQ,1.019659,4150,543884042,533397722
dWYfav,0.990218,4110,530776142,536019302
W9ZdZQ,1.019659,4150,543884042,533397722
dWYfav,0.989251,4112,530776142,536543618
W9ZdZQ,1.019659,4150,543884042,533397722
dWYfav,0.985399,4120,530776142,538640882
W9ZdZQ,1.019659,4150,543884042,533397722
dWYfav,0.985399,4120,530776142,538640882
W9ZdZQ,1.019659,4150,543884042,533397722
dWYfav,0.985399,4120,530776142,538640882
W9ZdZQ,1.019659,4150,543884042,533397722
dWYfav,0.990266,4130,533397722,538640882
W9ZdZQ,1.019659,4150,543884042,533397722
dWYfav,0.990266,4130,533397722,538640882
W9ZdZQ,1.019659,4150,543884042,533397722
dWYfav,0.990266,4130,533397722,538640882
W9ZdZQ,1.019563,4170,546505622,536019302
dWYfav,0.990266,4130,533397722,538640882
W9ZdZQ,1.019563,4170,546505622,536019302
dWYfav,0.990266,4130,533397722,538640882
W9ZdZQ,1.019563,4170,546505622,536019302
dWYfav,0.990266,4130,533397722,538640882
W9ZdZQ,1.019563,4170,546505622,536019302
dWYfav,0.985470,4140,533397722,541262462
W9ZdZQ,1.019563,4170,546505622,536019302
dWYfav,0.985470,4140,533397722,541262462
W9ZdZQ,1.019563,4170,546505622,536019302
dWYfav,0.985954,4141,533659880,541262462
W9ZdZQ,1.019563,4170,546505622,536019302
dWYfav,0.990313,4150,536019302,541262462
W9ZdZQ,1.014601,4180,546505622,538640882
dWYfav,0.990313,4150,536019302,541262462
W9ZdZQ,1.014601,4180,546505622,538640882
dWYfav,0.990313,4150,536019302,541262462
W9ZdZQ,1.014601,4180,546505622,538640882
dWYfav,0.986491,4158,536019302,543359726
W9ZdZQ,1.018844,4219,552797414,542573252
dWYfav,0.991028,4257,550175834,555156836
W9ZdZQ,1.023489,4348,571148474,558040574
dWYfav,0.988933,4354,562235102,568526894
W9ZdZQ,1.018193,4478,586877954,576391634
dWYfav,0.986539,4468,576391634,584256374
W9ZdZQ,1.023570,4591,603393908,589499534
dWYfav,0.988570,4564,589499534,596315642
W9ZdZQ,1.030215,4677,616763966,598675064
dWYfav,0.985317,4638,598150748,607064120
W9ZdZQ,1.034444,4766,629871866,608899226
dWYfav,0.987232,4710,608112752,615977492
W9ZdZQ,1.031189,4860,641406818,622007126
dWYfav,0.983700,4787,617026124,627250286
W9ZdZQ,1.034817,4950,654514718,632493446
dWYfav,0.982324,4863,626463812,637736606
W9ZdZQ,1.035064,5032,665525354,642979766
dWYfav,0.987798,4928,636687974,644552714
W9ZdZQ,1.036048,5124,678108938,654514718
dWYfav,0.984435,5013,646649978,656874140
W9ZdZQ,1.043140,5203,690954680,662379458
dWYfav,0.982350,5095,656611982,668409092
W9ZdZQ,1.043197,5291,702751790,673652252
dWYfav,0.980744,5184,667622618,680730518
W9ZdZQ,1.045966,5382,715859690,684400730
dWYfav,0.983337,5278,680730518,692265470
W9ZdZQ,1.051444,5464,728705432,693051944
dWYfav,0.979818,5338,687284468,701441000
W9ZdZQ,1.049988,5536,737880962,702751790
dWYfav,0.982292,5414,698032946,710616530
W9ZdZQ,1.049548,5625,749678072,714286742
dWYfav,0.985458,5502,710616530,721102850
W9ZdZQ,1.047986,5717,761475182,726608168
dWYfav,0.984256,5586,721102850,732637802
W9ZdZQ,1.052732,5802,774583082,735783698
dWYfav,0.985904,5676,733424276,743910596
W9ZdZQ,1.053359,5890,786642350,746794334
dWYfav,0.986095,5754,743648438,754134758
W9ZdZQ,1.051928,5968,796604354,757280654
dWYfav,0.986276,5830,753610442,764096762
W9ZdZQ,1.055203,6072,811809518,769339922
dWYfav,0.989547,5941,769339922,777466820
W9ZdZQ,1.055432,6196,828587630,785069402
dWYfav,0.986142,6060,783496454,794507090
W9ZdZQ,1.057075,6312,844841426,799225934
dWYfav,0.985800,6194,800798882,812333834
W9ZdZQ,1.062608,6432,863192486,812333834
dWYfav,0.985981,6274,811285202,822820154
W9ZdZQ,1.062706,6521,875251754,823606628
dWYfav,0.983033,6352,820198574,834355106
W9ZdZQ,1.066611,6618,889932602,834355106
dWYfav,0.980773,6428,829111946,845365742
W9ZdZQ,1.066405,6700,900943238,844841426
dWYfav,0.981009,6508,839598266,855852062
W9ZdZQ,1.069439,6776,912478190,853230482
dWYfav,0.980622,6582,849035954,865814066
W9ZdZQ,1.065763,6861,922194136,865289750
dWYfav,0.979382,6665,859260116,877349018
W9ZdZQ,1.067270,6959,936088510,877086860
dWYfav,0.979331,6744,869484278,887835338
W9ZdZQ,1.069807,7042,948409936,886524548
dWYfav,0.980683,6808,878397650,895700078
W9ZdZQ,1.072604,7124,960731362,895700078
dWYfav,0.978881,6881,887048864,906186398
W9ZdZQ,1.072095,7201,970955524,905662082
dWYfav,0.981648,6960,898321658,915115870
W9ZdZQ,1.080133,7287,985898530,912756448
dWYfav,0.980495,7055,910118768,928223770
W9ZdZQ,1.079746,7373,997433482,923767084
dWYfav,0.980122,7117,917737450,936350668
W9ZdZQ,1.064950,7443,1000237860,939234406
dWYfav,0.983203,7247,936088510,952080148
W9ZdZQ,1.044828,7512,1000237860,957323308
dWYfav,0.982678,7370,951817990,968596102
W9ZdZQ,1.024350,7585,1000237860,976460842
dWYfav,0.979531,7491,965974522,986160688
W9ZdZQ,1.005454,7655,1000237860,994811902
dWYfav,0.981471,7605,981704002,1000237860
W9ZdZQ,1.000000,7676,1000237860,1000237860
