id,debt_ratio,exchanges,bytes_sent,bytes_received
RiA1Kt,0.000000,0,0,0
RensXe,2.309814,82,11095366,4803574
RiA1Kt,0.896024,149,15814210,17649316
RensXe,1.284401,182,23678950,18435790
RiA1Kt,0.833781,242,26300530,31543690
RensXe,1.153465,302,39408430,34165270
RiA1Kt,0.919689,356,42030010,45700222
RensXe,1.149698,366,48321802,42030010
RiA1Kt,1.035475,423,53564962,51729856
RensXe,1.187510,453,61429702,51729856
RiA1Kt,1.011937,527,66672862,65886388
RensXe,1.163718,550,74537602,64051282
RiA1Kt,1.000000,630,79780762,79780762
RensXe,1.122315,646,86596870,77159182
RiA1Kt,1.000000,710,90267082,90267082
RensXe,1.101698,724,96558874,87645502
RiA1Kt,0.992334,801,101802034,102588508
RensXe,1.105730,818,109666774,99180454
RiA1Kt,1.046694,898,117531514,112288354
RensXe,1.093387,918,122774674,112288354
RiA1Kt,1.041813,998,130639414,125396254
RensXe,1.075263,1014,134833942,125396254
RiA1Kt,1.044374,1081,141912208,135882574
RensXe,1.098394,1109,149252632,135882574
RiA1Kt,1.031451,1184,154757950,150039106
RensXe,1.124484,1216,165768586,147417526
RiA1Kt,1.022496,1280,166817218,163147006
RensXe,1.097987,1306,176254906,160525426
RiA1Kt,1.024012,1370,178876486,174681958
RensXe,1.085194,1392,187003384,172322536
RiA1Kt,1.028722,1434,187789858,182546698
RensXe,1.076554,1459,195392440,181498066
RiA1Kt,1.013222,1544,200897758,198276178
RensXe,1.080394,1574,211384078,195654598
RiA1Kt,1.024804,1654,216627238,211384078
RensXe,1.083405,1670,224754136,207451708
RiA1Kt,1.018816,1738,227113558,222919030
RensXe,1.087183,1769,238648510,219510976
RiA1Kt,1.033696,1832,241270090,233405350
RensXe,1.089855,1882,254377990,233405350
RiA1Kt,1.021269,1922,251756410,246513250
RensXe,1.074442,1972,264864310,246513250
RiA1Kt,1.011063,2021,263553520,260669782
RensXe,1.065285,2046,273777682,256999570
RiA1Kt,1.000000,2102,272729050,272729050
RensXe,1.057543,2131,284264002,268796680
RiA1Kt,1.009308,2180,284264002,281642422
RensXe,1.056374,2210,294750322,279020842
RiA1Kt,1.000890,2269,294750322,294488164
RensXe,1.054332,2290,305236642,289507162
RiA1Kt,1.001721,2348,305236642,304712326
RensXe,1.052433,2370,315722962,299993482
RiA1Kt,1.008303,2440,318344542,315722962
RensXe,1.042559,2469,327520072,314150014
RiA1Kt,1.016151,2518,329879494,324636334
RensXe,1.040054,2568,340365814,327257914
RiA1Kt,1.021904,2606,342463078,335122654
RensXe,1.038810,2648,350852134,337744234
RiA1Kt,1.022930,2668,350852134,342987394
RensXe,1.045170,2738,363960034,348230554
RiA1Kt,1.025292,2744,361338454,352425082
RensXe,1.039178,2832,375494986,361338454
RiA1Kt,1.017287,2822,370251826,363960034
RensXe,1.043093,2866,380738146,365008666
RiA1Kt,1.017287,2822,370251826,363960034
RensXe,1.043093,2866,380738146,365008666
RiA1Kt,1.017287,2822,370251826,363960034
RensXe,1.035655,2876,380738146,367630246
RiA1Kt,1.017287,2822,370251826,363960034
RensXe,1.035655,2876,380738146,367630246
RiA1Kt,1.014364,2826,370251826,365008666
RensXe,1.037081,2878,381262462,367630246
RiA1Kt,1.021547,2836,372873406,365008666
RensXe,1.042786,2886,383359726,367630246
RiA1Kt,1.021547,2836,372873406,365008666
RensXe,1.042786,2886,383359726,367630246
RiA1Kt,1.021547,2836,372873406,365008666
RensXe,1.035403,2896,383359726,370251826
RiA1Kt,1.014262,2846,372873406,367630246
RensXe,1.035403,2896,383359726,370251826
RiA1Kt,1.014262,2846,372873406,367630246
RensXe,1.035403,2896,383359726,370251826
RiA1Kt,1.014262,2846,372873406,367630246
RensXe,1.035403,2896,383359726,370251826
RiA1Kt,1.014262,2846,372873406,367630246
RensXe,1.035403,2896,383359726,370251826
RiA1Kt,1.014262,2846,372873406,367630246
RensXe,1.035403,2896,383359726,370251826
RiA1Kt,1.014262,2846,372873406,367630246
RensXe,1.035403,2896,383359726,370251826
RiA1Kt,1.014262,2846,372873406,367630246
RensXe,1.035403,2896,383359726,370251826
RiA1Kt,1.021393,2856,375494986,367630246
RensXe,1.042483,2906,385981306,370251826
RiA1Kt,1.021393,2856,375494986,367630246
RensXe,1.042483,2906,385981306,370251826
RiA1Kt,1.021393,2856,375494986,367630246
RensXe,1.042483,2906,385981306,370251826
RiA1Kt,1.014161,2866,375494986,370251826
RensXe,1.042483,2906,385981306,370251826
RiA1Kt,1.014161,2866,375494986,370251826
RensXe,1.035154,2916,385981306,372873406
RiA1Kt,1.014161,2866,375494986,370251826
RensXe,1.035154,2916,385981306,372873406
RiA1Kt,1.014161,2866,375494986,370251826
RensXe,1.042185,2926,388602886,372873406
RiA1Kt,1.016285,2869,376281460,370251826
RensXe,1.042185,2926,388602886,372873406
RiA1Kt,1.014061,2886,378116566,372873406
RensXe,1.042185,2926,388602886,372873406
RiA1Kt,1.014061,2886,378116566,372873406
RensXe,1.042185,2926,388602886,372873406
RiA1Kt,1.014061,2886,378116566,372873406
RensXe,1.042185,2926,388602886,372873406
RiA1Kt,1.014061,2886,378116566,372873406
RensXe,1.042185,2926,388602886,372873406
RiA1Kt,1.014061,2886,378116566,372873406
RensXe,1.041890,2946,391224466,375494986
RiA1Kt,1.014061,2886,378116566,372873406
RensXe,1.041890,2946,391224466,375494986
RiA1Kt,1.021092,2896,380738146,372873406
RensXe,1.041890,2946,391224466,375494986
RiA1Kt,1.013963,2906,380738146,375494986
RensXe,1.041890,2946,391224466,375494986
RiA1Kt,1.013963,2906,380738146,375494986
RensXe,1.041890,2946,391224466,375494986
RiA1Kt,1.013963,2906,380738146,375494986
RensXe,1.042877,3023,401710786,385194832
RiA1Kt,1.018178,3019,396467626,389389360
RensXe,1.041767,3150,418488898,401710786
RiA1Kt,1.019578,3116,409575526,401710786
RensXe,1.047489,3255,433694062,414032212
RiA1Kt,1.018912,3224,423732058,415867318
RensXe,1.042779,3364,447326278,428975218
RiA1Kt,1.015909,3316,435267010,428450902
RensXe,1.038179,3438,456239650,439461538
RiA1Kt,1.018101,3366,442345276,434480536
RensXe,1.039337,3521,466285274,448637068
RiA1Kt,1.024241,3445,454142386,443393908
RensXe,1.037700,3608,476247278,458944850
RiA1Kt,1.029848,3521,464188010,450734332
RensXe,1.027768,3692,485160650,472052750
RiA1Kt,1.039021,3594,474674330,456847586
RensXe,1.025355,3795,498268550,485947124
RiA1Kt,1.038991,3649,482014754,463925852
RensXe,1.021686,3863,506395448,495646970
RiA1Kt,1.037556,3730,492501074,474674330
RensXe,1.024420,3937,516881768,504560342
RiA1Kt,1.035663,3808,502463078,485160650
RensXe,1.014612,4039,527892404,520289822
RiA1Kt,1.039348,3876,512425082,493025390
RensXe,1.013830,4118,538116566,530776142
RiA1Kt,1.038670,3942,521076296,501676604
RensXe,1.008206,4201,547554254,543097568
RiA1Kt,1.038942,4020,531562616,511638608
RensXe,1.009011,4277,557778416,552797414
RiA1Kt,1.039886,4081,539951672,519241190
RensXe,1.008335,4378,570886316,566167472
RiA1Kt,1.037575,4162,550175834,530251826
RensXe,1.004528,4468,581634794,579013214
RiA1Kt,1.034506,4227,558040574,539427356
RensXe,1.006226,4552,593169746,589499534
RiA1Kt,1.038120,4318,571148474,550175834
RensXe,1.009596,4648,606801962,601034486
RiA1Kt,1.036991,4391,580586162,559875680
RensXe,1.011570,4735,618861230,611782964
RiA1Kt,1.036261,4477,591858956,571148474
RensXe,1.009233,4828,630396182,624628706
RiA1Kt,1.035736,4541,600248012,579537530
RensXe,1.009907,4910,641406818,635115026
RiA1Kt,1.038742,4619,611520806,588713060
RensXe,1.012162,5004,654514718,646649978
RiA1Kt,1.039428,4696,622007126,598412906
RensXe,1.006747,5097,665001038,660544352
RiA1Kt,1.035797,4761,629609708,607850594
RensXe,1.003127,5166,672865778,670768514
RiA1Kt,1.029628,4836,637736606,619385546
RensXe,1.008078,5261,687022310,681516992
RiA1Kt,1.025783,4912,646649978,630396182
RensXe,1.009450,5357,700130210,693576260
RiA1Kt,1.027805,5000,658971404,641144660
RensXe,1.007779,5461,713238110,707732792
RiA1Kt,1.026140,5079,668933408,651893138
RensXe,1.007351,5502,718481270,713238110
RiA1Kt,1.024032,5094,670244198,654514718
RensXe,1.007351,5502,718481270,713238110
RiA1Kt,1.024032,5094,670244198,654514718
RensXe,1.007351,5502,718481270,713238110
RiA1Kt,1.024032,5094,670244198,654514718
RensXe,1.007351,5502,718481270,713238110
RiA1Kt,1.024032,5094,670244198,654514718
RensXe,1.007351,5502,718481270,713238110
RiA1Kt,1.024032,5094,670244198,654514718
RensXe,1.007324,5522,721102850,715859690
RiA1Kt,1.028038,5104,672865778,654514718
RensXe,1.007324,5522,721102850,715859690
RiA1Kt,1.023936,5114,672865778,657136298
RensXe,1.007324,5522,721102850,715859690
RiA1Kt,1.023936,5114,672865778,657136298
RensXe,1.007324,5522,721102850,715859690
RiA1Kt,1.023936,5114,672865778,657136298
RensXe,1.007324,5522,721102850,715859690
RiA1Kt,1.023936,5114,672865778,657136298
RensXe,1.003649,5532,721102850,718481270
RiA1Kt,1.023936,5114,672865778,657136298
RensXe,1.007298,5542,723724430,718481270
RiA1Kt,1.023936,5114,672865778,657136298
RensXe,1.007298,5542,723724430,718481270
RiA1Kt,1.027926,5124,675487358,657136298
RensXe,1.007298,5542,723724430,718481270
RiA1Kt,1.023841,5134,675487358,659757878
RensXe,1.007298,5542,723724430,718481270
RiA1Kt,1.023841,5134,675487358,659757878
RensXe,1.007298,5542,723724430,718481270
RiA1Kt,1.023841,5134,675487358,659757878
RensXe,1.007298,5542,723724430,718481270
RiA1Kt,1.023841,5134,675487358,659757878
RensXe,1.007298,5542,723724430,718481270
RiA1Kt,1.023841,5134,675487358,659757878
RensXe,1.007271,5562,726346010,721102850
RiA1Kt,1.023841,5134,675487358,659757878
RensXe,1.007271,5562,726346010,721102850
RiA1Kt,1.019789,5144,675487358,662379458
RensXe,1.007271,5562,726346010,721102850
RiA1Kt,1.023747,5154,678108938,662379458
RensXe,1.007271,5562,726346010,721102850
RiA1Kt,1.023747,5154,678108938,662379458
RensXe,1.007271,5562,726346010,721102850
RiA1Kt,1.023747,5154,678108938,662379458
RensXe,1.007271,5562,726346010,721102850
RiA1Kt,1.023747,5154,678108938,662379458
RensXe,1.007245,5582,728967590,723724430
RiA1Kt,1.023747,5154,678108938,662379458
RensXe,1.007245,5582,728967590,723724430
RiA1Kt,1.023747,5154,678108938,662379458
RensXe,1.007245,5582,728967590,723724430
RiA1Kt,1.023653,5174,680730518,665001038
RensXe,1.008662,5606,732637802,726346010
RiA1Kt,1.023766,5235,688857416,672865778
RensXe,1.010621,5720,748367282,740502542
RiA1Kt,1.024049,5343,703276106,686760152
RensXe,1.013915,5830,764096762,753610442
RiA1Kt,1.025827,5453,718481270,700392368
RensXe,1.012276,5942,778253294,768815606
RiA1Kt,1.023173,5541,729229748,712713794
RensXe,1.014514,6009,787953140,776680346
RiA1Kt,1.023267,5606,737880962,721102850
RensXe,1.013295,6098,799225934,788739614
RiA1Kt,1.023300,5685,748367282,731327012
RensXe,1.010469,6186,809712254,801323198
RiA1Kt,1.023989,5778,760950866,743124122
RensXe,1.010973,6272,821247206,812333834
RiA1Kt,1.027482,5869,774320924,753610442
RensXe,1.016557,6374,836976686,823344470
RiA1Kt,1.027791,5951,785331560,764096762
RensXe,1.016653,6459,848249480,834355106
RiA1Kt,1.025722,6026,794507090,774583082
RensXe,1.020790,6553,862406012,844841426
RiA1Kt,1.029445,6106,806566358,783496454
RensXe,1.018056,6635,872105858,856638536
RiA1Kt,1.028414,6180,816004046,793458458
RensXe,1.021170,6724,885213758,866862698
RiA1Kt,1.027374,6262,826490366,804469094
RensXe,1.020325,6800,894913604,877086860
RiA1Kt,1.023881,6312,831733526,812333834
RensXe,1.023320,6895,908807978,888097496
RiA1Kt,1.026814,6390,843268478,821247206
RensXe,1.020066,6995,920359030,902254028
RiA1Kt,1.026169,6467,853230482,831471368
RensXe,1.024406,7095,935302036,913018606
RiA1Kt,1.027781,6537,863192486,839860424
RensXe,1.025491,7196,949196410,925602190
RiA1Kt,1.026813,6617,873416648,850608902
RensXe,1.024098,7268,958109782,935564194
RiA1Kt,1.024653,6693,882592178,861357380
RensXe,1.023264,7350,968596102,946574830
RiA1Kt,1.023195,6757,890456918,870270752
RensXe,1.023009,7430,979082422,957061150
RiA1Kt,1.018713,6837,899108132,882592178
RensXe,1.022637,7550,994811902,972790630
RiA1Kt,1.017561,6934,911429558,895700078
RensXe,1.013466,7625,1000237860,986947162
RiA1Kt,1.012674,7040,922980610,911429558
RensXe,1.000000,7676,1000237860,1000237860
RiA1Kt,1.016768,7141,937923616,922456294
RensXe,1.000000,7676,1000237860,1000237860
RiA1Kt,1.019890,7255,954439570,935826352
RensXe,1.000000,7676,1000237860,1000237860
RiA1Kt,1.019604,7359,968071786,949458568
RensXe,1.000000,7676,1000237860,1000237860
RiA1Kt,1.019101,7444,979082422,960731362
RensXe,1.000000,7676,1000237860,1000237860
RiA1Kt,1.020163,7559,994811902,975150052
RensXe,1.000000,7676,1000237860,1000237860
RiA1Kt,1.009177,7641,1000237860,991141690
RensXe,1.000000,7676,1000237860,1000237860
