id,debt_ratio,exchanges,bytes_sent,bytes_received
RPw7GT,0.000000,0,0,0
NnP1WZ,0.602569,102,7949470,13192630
RPw7GT,1.000000,122,13192630,13192630
NnP1WZ,0.780467,216,22368160,28659952
RPw7GT,1.000000,242,28922110,28922110
NnP1WZ,0.862325,346,39408430,45700222
RPw7GT,1.062374,352,44651590,42030010
NnP1WZ,0.871972,460,53564962,61429702
RPw7GT,1.014196,447,56186542,55400068
NnP1WZ,0.904025,557,66672862,73751128
RPw7GT,1.022614,558,71129548,69556600
NnP1WZ,0.928427,668,81615868,87907660
RPw7GT,1.000000,650,82402342,82402342
NnP1WZ,0.922745,768,93937294,101802034
RPw7GT,1.027908,748,96558874,93937294
NnP1WZ,0.944228,858,106520878,112812670
RPw7GT,1.024490,848,109666774,107045194
NnP1WZ,0.958187,958,120153094,125396254
RPw7GT,1.021819,948,122774674,120153094
NnP1WZ,0.954051,1042,130639414,136931206
RPw7GT,1.013690,1051,135882574,134047468
NnP1WZ,0.947582,1136,142174366,150039106
RPw7GT,1.000000,1146,147417526,147417526
NnP1WZ,0.950106,1233,154757950,162884848
RPw7GT,0.983931,1256,160525426,163147006
NnP1WZ,0.945646,1310,164195638,173633326
RPw7GT,0.996980,1344,173109010,173633326
NnP1WZ,0.948057,1409,177041380,186741226
RPw7GT,0.997168,1432,184643962,185168278
NnP1WZ,0.951400,1507,189887122,199586968
RPw7GT,0.973901,1534,195654598,200897758
NnP1WZ,0.950392,1594,200897758,211384078
RPw7GT,0.987598,1624,208762498,211384078
NnP1WZ,0.951124,1698,214267816,225278452
RPw7GT,0.983651,1720,220821766,224491978
NnP1WZ,0.962319,1792,227637874,236551246
RPw7GT,0.988893,1812,233405350,236026930
NnP1WZ,0.958347,1902,241270090,251756410
RPw7GT,0.989477,1912,246513250,249134830
NnP1WZ,0.960013,1982,251756410,262242730
RPw7GT,0.990003,2012,259621150,262242730
NnP1WZ,0.955952,2064,261718414,273777682
RPw7GT,0.990515,2120,273777682,276399262
NnP1WZ,0.954310,2160,273777682,286885582
RPw7GT,0.983671,2208,284264002,288982846
NnP1WZ,0.964737,2250,286885582,297371902
RPw7GT,0.997385,2313,299993482,300779956
NnP1WZ,0.960548,2357,299993482,312314908
RPw7GT,0.991627,2400,310479802,313101382
NnP1WZ,0.971296,2425,310479802,319655332
RPw7GT,0.995946,2483,322014754,323325544
NnP1WZ,0.967144,2536,324112018,335122654
RPw7GT,0.989909,2585,334336180,337744234
NnP1WZ,0.962359,2628,335122654,348230554
RPw7GT,0.992415,2648,342987394,345608974
NnP1WZ,0.970112,2658,340365814,350852134
RPw7GT,0.992415,2648,342987394,345608974
NnP1WZ,0.970112,2658,340365814,350852134
RPw7GT,0.992415,2648,342987394,345608974
NnP1WZ,0.970112,2658,340365814,350852134
RPw7GT,0.992415,2648,342987394,345608974
NnP1WZ,0.970112,2658,340365814,350852134
RPw7GT,0.992415,2648,342987394,345608974
NnP1WZ,0.962917,2668,340365814,353473714
RPw7GT,0.992415,2648,342987394,345608974
NnP1WZ,0.970334,2678,342987394,353473714
RPw7GT,1.000000,2658,345608974,345608974
NnP1WZ,0.970334,2678,342987394,353473714
RPw7GT,0.992472,2668,345608974,348230554
NnP1WZ,0.970334,2678,342987394,353473714
RPw7GT,0.992472,2668,345608974,348230554
NnP1WZ,0.970334,2678,342987394,353473714
RPw7GT,0.992472,2668,345608974,348230554
NnP1WZ,0.970334,2678,342987394,353473714
RPw7GT,0.992472,2668,345608974,348230554
NnP1WZ,0.970334,2678,342987394,353473714
RPw7GT,0.992472,2668,345608974,348230554
NnP1WZ,0.970334,2678,342987394,353473714
RPw7GT,0.992472,2668,345608974,348230554
NnP1WZ,0.963190,2688,342987394,356095294
RPw7GT,0.992472,2668,345608974,348230554
NnP1WZ,0.963190,2688,342987394,356095294
RPw7GT,1.000000,2678,348230554,348230554
NnP1WZ,0.970552,2698,345608974,356095294
RPw7GT,1.000000,2678,348230554,348230554
NnP1WZ,0.970552,2698,345608974,356095294
RPw7GT,0.992528,2688,348230554,350852134
NnP1WZ,0.970552,2698,345608974,356095294
RPw7GT,0.992528,2688,348230554,350852134
NnP1WZ,0.970552,2698,345608974,356095294
RPw7GT,0.992528,2688,348230554,350852134
NnP1WZ,0.970552,2698,345608974,356095294
RPw7GT,0.992528,2688,348230554,350852134
NnP1WZ,0.963459,2708,345608974,358716874
RPw7GT,0.992528,2688,348230554,350852134
NnP1WZ,0.963459,2708,345608974,358716874
RPw7GT,0.992528,2688,348230554,350852134
NnP1WZ,0.970767,2718,348230554,358716874
RPw7GT,1.000000,2698,350852134,350852134
NnP1WZ,0.970767,2718,348230554,358716874
RPw7GT,1.000000,2698,350852134,350852134
NnP1WZ,0.970767,2718,348230554,358716874
RPw7GT,1.000000,2698,350852134,350852134
NnP1WZ,0.970767,2718,348230554,358716874
RPw7GT,0.992583,2708,350852134,353473714
NnP1WZ,0.970767,2718,348230554,358716874
RPw7GT,0.992583,2708,350852134,353473714
NnP1WZ,0.963724,2728,348230554,361338454
RPw7GT,0.992583,2708,350852134,353473714
NnP1WZ,0.963724,2728,348230554,361338454
RPw7GT,1.000000,2718,353473714,353473714
NnP1WZ,0.970979,2738,350852134,361338454
RPw7GT,1.000000,2718,353473714,353473714
NnP1WZ,0.970979,2738,350852134,361338454
RPw7GT,0.993577,2815,365008666,367368088
NnP1WZ,0.972267,2866,367630246,378116566
RPw7GT,0.993114,2916,378116566,380738146
NnP1WZ,0.973551,3006,385981306,396467626
RPw7GT,0.993431,3056,396467626,399089206
NnP1WZ,0.972087,3130,401710786,413245738
RPw7GT,0.984775,3150,406953946,413245738
NnP1WZ,0.976020,3235,416129476,426353638
RPw7GT,0.987626,3234,418488898,423732058
NnP1WZ,0.980314,3341,430810324,439461538
RPw7GT,0.982669,3339,431072482,438675064
NnP1WZ,0.981377,3426,442083118,450472174
RPw7GT,0.977885,3420,440510170,450472174
NnP1WZ,0.992405,3525,456239650,459731324
RPw7GT,0.977100,3512,450996490,461566430
NnP1WZ,1.000000,3622,469431170,469431170
RPw7GT,0.966863,3602,458944850,474674330
NnP1WZ,1.000000,3722,482539070,482539070
RPw7GT,0.967753,3702,472052750,487782230
NnP1WZ,1.001590,3817,495384812,494598338
RPw7GT,0.963363,3792,482539070,500890130
NnP1WZ,0.998966,3908,506657606,507181922
RPw7GT,0.962141,3876,493025390,512425082
NnP1WZ,0.996473,4003,518454716,520289822
RPw7GT,0.959893,3950,501938762,522911402
NnP1WZ,0.996064,4098,530776142,532873406
RPw7GT,0.962555,4024,512162924,532086932
NnP1WZ,0.997596,4195,543884042,545194832
RPw7GT,0.959570,4112,522649244,544670516
NnP1WZ,0.995770,4287,555418994,557778416
RPw7GT,0.957048,4187,531562616,555418994
NnP1WZ,1.000000,4378,568526894,568526894
RPw7GT,0.949649,4300,543884042,572721422
NnP1WZ,0.996858,4489,582159110,583994216
RPw7GT,0.950643,4388,555418994,584256374
NnP1WZ,1.000000,4586,595791326,595791326
RPw7GT,0.945677,4482,565905314,598412906
NnP1WZ,0.995676,4656,603656066,606277646
RPw7GT,0.945914,4502,568526894,601034486
NnP1WZ,1.000000,4666,606277646,606277646
RPw7GT,0.945914,4502,568526894,601034486
NnP1WZ,1.000000,4666,606277646,606277646
RPw7GT,0.945914,4502,568526894,601034486
NnP1WZ,1.000000,4666,606277646,606277646
RPw7GT,0.948967,4509,570362000,601034486
NnP1WZ,1.000000,4666,606277646,606277646
RPw7GT,0.950276,4512,571148474,601034486
NnP1WZ,1.000000,4686,608899226,608899226
RPw7GT,0.946149,4522,571148474,603656066
NnP1WZ,1.000000,4686,608899226,608899226
RPw7GT,0.946149,4522,571148474,603656066
NnP1WZ,1.000000,4686,608899226,608899226
RPw7GT,0.946149,4522,571148474,603656066
NnP1WZ,1.000000,4686,608899226,608899226
RPw7GT,0.946149,4522,571148474,603656066
NnP1WZ,1.000000,4686,608899226,608899226
RPw7GT,0.946149,4522,571148474,603656066
NnP1WZ,1.000000,4686,608899226,608899226
RPw7GT,0.950492,4532,573770054,603656066
NnP1WZ,1.000000,4686,608899226,608899226
RPw7GT,0.946382,4542,573770054,606277646
NnP1WZ,1.000000,4706,611520806,611520806
RPw7GT,0.946382,4542,573770054,606277646
NnP1WZ,1.000000,4706,611520806,611520806
RPw7GT,0.946382,4542,573770054,606277646
NnP1WZ,1.000000,4706,611520806,611520806
RPw7GT,0.946382,4542,573770054,606277646
NnP1WZ,1.000000,4706,611520806,611520806
RPw7GT,0.946382,4542,573770054,606277646
NnP1WZ,0.995731,4716,611520806,614142386
RPw7GT,0.946613,4562,576391634,608899226
NnP1WZ,1.000000,4726,614142386,614142386
RPw7GT,0.946613,4562,576391634,608899226
NnP1WZ,1.000000,4726,614142386,614142386
RPw7GT,0.946613,4562,576391634,608899226
NnP1WZ,1.000000,4726,614142386,614142386
RPw7GT,0.945984,4580,578488898,611520806
NnP1WZ,1.002549,4754,618599072,617026124
RPw7GT,0.951749,4652,589499534,619385546
NnP1WZ,0.998758,4869,632493446,633279920
RPw7GT,0.953222,4759,603656066,633279920
NnP1WZ,0.994757,4987,646649978,650058032
RPw7GT,0.957837,4870,619385546,646649978
NnP1WZ,0.995306,5142,667098302,670244198
RPw7GT,0.951116,4990,632493446,665001038
NnP1WZ,0.997311,5241,680730518,682565624
RPw7GT,0.953428,5074,644028398,675487358
NnP1WZ,0.996227,5332,692265470,694887050
RPw7GT,0.949442,5169,654776876,689643890
NnP1WZ,0.995560,5434,705373370,708519266
RPw7GT,0.946282,5258,665001038,702751790
NnP1WZ,1.000000,5522,718481270,718481270
RPw7GT,0.943969,5349,675749516,715859690
NnP1WZ,1.001439,5606,730016222,728967590
RPw7GT,0.942459,5442,687022310,728967590
NnP1WZ,1.000000,5710,743124122,743124122
RPw7GT,0.943945,5520,697508630,738929594
NnP1WZ,1.000694,5808,756232022,755707706
RPw7GT,0.939123,5615,707732792,753610442
NnP1WZ,1.004103,5902,769864238,766718342
RPw7GT,0.938264,5692,717170480,764358920
NnP1WZ,1.006402,5995,782972138,777991136
RPw7GT,0.940433,5774,728443274,774583082
NnP1WZ,1.006625,6098,796604354,791361194
RPw7GT,0.938843,5874,740502542,788739614
NnP1WZ,1.007174,6196,809712254,803944778
RPw7GT,0.934938,5959,749678072,801847514
NnP1WZ,1.007720,6282,821247206,814955414
RPw7GT,0.937392,6044,761475182,812333834
NnP1WZ,1.012728,6366,834355106,823868786
RPw7GT,0.934975,6141,772747976,826490366
NnP1WZ,1.009081,6457,844841426,837238844
RPw7GT,0.930101,6226,781399190,840122582
NnP1WZ,1.012027,6565,860308748,850084586
RPw7GT,0.929090,6325,793458458,854016956
NnP1WZ,1.010326,6660,872105858,863192486
RPw7GT,0.930077,6417,805517726,866076224
NnP1WZ,1.007470,6759,883902968,877349018
RPw7GT,0.929587,6508,816790520,878659808
NnP1WZ,1.012712,6849,898059500,886786706
RPw7GT,0.926987,6586,825441734,890456918
NnP1WZ,1.011707,6914,906186398,895700078
RPw7GT,0.922957,6655,832257842,901729712
NnP1WZ,1.009243,7012,917737450,909332294
RPw7GT,0.923003,6734,842219846,912478190
NnP1WZ,1.011459,7066,925602190,915115870
RPw7GT,0.925859,6746,844841426,912494290
NnP1WZ,1.011459,7066,925602190,915115870
RPw7GT,0.925859,6746,844841426,912494290
NnP1WZ,1.011459,7066,925602190,915115870
RPw7GT,0.923207,6756,844841426,915115870
NnP1WZ,1.011426,7086,928223770,917737450
RPw7GT,0.923207,6756,844841426,915115870
NnP1WZ,1.011426,7086,928223770,917737450
RPw7GT,0.926072,6766,847463006,915115870
NnP1WZ,1.014283,7096,930845350,917737450
RPw7GT,0.923426,6776,847463006,917737450
NnP1WZ,1.014283,7096,930845350,917737450
RPw7GT,0.923426,6776,847463006,917737450
NnP1WZ,1.011394,7106,930845350,920359030
RPw7GT,0.923426,6776,847463006,917737450
NnP1WZ,1.011394,7106,930845350,920359030
RPw7GT,0.923426,6776,847463006,917737450
NnP1WZ,1.011394,7106,930845350,920359030
RPw7GT,0.926283,6786,850084586,917737450
NnP1WZ,1.011394,7106,930845350,920359030
RPw7GT,0.923645,6796,850084586,920359030
NnP1WZ,1.011394,7106,930845350,920359030
RPw7GT,0.923645,6796,850084586,920359030
NnP1WZ,1.011361,7126,933466930,922980610
RPw7GT,0.923645,6796,850084586,920359030
NnP1WZ,1.011361,7126,933466930,922980610
RPw7GT,0.923645,6796,850084586,920359030
NnP1WZ,1.011361,7126,933466930,922980610
RPw7GT,0.923645,6796,850084586,920359030
NnP1WZ,1.011361,7126,933466930,922980610
RPw7GT,0.923645,6796,850084586,920359030
NnP1WZ,1.011361,7126,933466930,922980610
RPw7GT,0.923861,6816,852706166,922980610
NnP1WZ,1.011361,7126,933466930,922980610
RPw7GT,0.923861,6816,852706166,922980610
NnP1WZ,1.011329,7146,936088510,925602190
RPw7GT,0.923861,6816,852706166,922980610
NnP1WZ,1.011329,7146,936088510,925602190
RPw7GT,0.923861,6816,852706166,922980610
NnP1WZ,1.011329,7146,936088510,925602190
RPw7GT,0.923861,6816,852706166,922980610
NnP1WZ,1.011329,7146,936088510,925602190
RPw7GT,0.924077,6836,855327746,925602190
NnP1WZ,1.011329,7146,936088510,925602190
RPw7GT,0.924077,6836,855327746,925602190
NnP1WZ,1.011297,7166,938710090,928223770
RPw7GT,0.924077,6836,855327746,925602190
NnP1WZ,1.011297,7166,938710090,928223770
RPw7GT,0.924077,6836,855327746,925602190
NnP1WZ,1.011297,7166,938710090,928223770
RPw7GT,0.924814,6854,857949326,927699454
NnP1WZ,1.015666,7250,951817990,937137142
RPw7GT,0.927953,6975,874727438,942642460
NnP1WZ,1.011811,7369,965712364,954439570
RPw7GT,0.926653,7084,887835338,958109782
NnP1WZ,1.011638,7477,979868896,968596102
RPw7GT,0.923967,7180,898583816,972528472
NnP1WZ,1.012297,7572,992714638,980655370
RPw7GT,0.922297,7268,908807978,985374214
NnP1WZ,1.007047,7649,1000237860,993238954
RPw7GT,0.921413,7355,919048240,997433482
NnP1WZ,1.000000,7676,1000237860,1000237860
RPw7GT,0.935866,7431,936088510,1000237860
NnP1WZ,1.000000,7676,1000237860,1000237860
RPw7GT,0.949757,7484,949982884,1000237860
NnP1WZ,1.000000,7676,1000237860,1000237860
RPw7GT,0.968366,7555,968596102,1000237860
NnP1WZ,1.000000,7676,1000237860,1000237860
RPw7GT,0.986188,7623,986422846,1000237860
NnP1WZ,1.000000,7676,1000237860,1000237860
RPw7GT,1.000000,7676,1000237860,1000237860
NnP1WZ,1.000000,7676,1000237860,1000237860
