id,debt_ratio,exchanges,bytes_sent,bytes_received
dKYM5y,0.000000,0,0,0
atDmPG,0.364110,90,4803574,13192630
dKYM5y,0.817530,111,10571050,12930472
atDmPG,0.708024,191,18435790,26038372
dKYM5y,0.916890,252,28922110,31543690
atDmPG,0.822311,288,31543690,38359798
dKYM5y,1.000000,362,44651590,44651590
atDmPG,0.902225,391,45962380,50943382
dKYM5y,1.000000,470,58808122,58808122
atDmPG,0.927451,473,56973016,61429702
dKYM5y,1.000000,570,71916022,71916022
atDmPG,0.944889,586,71916022,76110550
dKYM5y,1.006363,652,82926658,82402342
atDmPG,0.970089,680,85023922,87645502
dKYM5y,1.005460,756,96558874,96034558
atDmPG,0.973568,768,96558874,99180454
dKYM5y,1.007223,855,109666774,108880300
atDmPG,0.976653,868,109666774,112288354
dKYM5y,1.021353,968,125396254,122774674
atDmPG,0.975426,986,124871938,128017834
dKYM5y,1.013505,1065,137717680,135882574
atDmPG,0.981214,1076,136931206,139552786
dKYM5y,1.017783,1156,150039106,147417526
atDmPG,0.951773,1195,150039106,157641688
dKYM5y,1.024103,1281,167079376,163147006
atDmPG,0.970420,1287,163409164,168390166
dKYM5y,1.041201,1359,178876486,171798220
atDmPG,0.983902,1377,176254906,179138644
dKYM5y,1.049110,1440,190411438,181498066
atDmPG,0.986232,1464,187789858,190411438
dKYM5y,1.026979,1524,199586968,194343808
atDmPG,0.973259,1571,200373442,205878760
dKYM5y,1.038152,1624,214005658,206140918
atDmPG,0.979551,1667,213481342,217938028
dKYM5y,1.035053,1705,224491978,216889396
atDmPG,0.982725,1743,223705504,227637874
dKYM5y,1.034470,1792,236026930,228162190
atDmPG,0.978268,1842,236026930,241270090
dKYM5y,1.032597,1892,249134830,241270090
atDmPG,0.986463,1929,248348356,251756410
dKYM5y,1.022720,1980,259621150,253853674
atDmPG,0.986060,2016,259621150,263291362
dKYM5y,1.022608,2079,272729050,266699416
atDmPG,0.985773,2115,272466892,276399262
dKYM5y,1.028454,2160,284264002,276399262
atDmPG,0.990862,2200,284264002,286885582
dKYM5y,1.027166,2260,297371902,289507162
atDmPG,0.982522,2290,294750322,299993482
dKYM5y,1.043694,2360,313101382,299993482
atDmPG,0.984929,2392,308382538,313101382
dKYM5y,1.033661,2438,322014754,311528434
atDmPG,1.000000,2478,322014754,322014754
dKYM5y,1.040706,2528,335122654,322014754
atDmPG,0.992177,2568,332501074,335122654
dKYM5y,1.035872,2632,348230554,336171286
atDmPG,0.996989,2674,347181922,348230554
dKYM5y,1.026349,2713,357406084,348230554
atDmPG,0.994884,2751,356881768,358716874
dKYM5y,1.023386,2790,367105930,358716874
atDmPG,0.995752,2840,368678878,370251826
dKYM5y,1.028322,2886,380738146,370251826
atDmPG,1.000000,2966,385981306,385981306
dKYM5y,1.026985,3026,399089206,388602886
atDmPG,1.006526,3096,404332366,401710786
dKYM5y,1.018202,3126,410624158,403283734
atDmPG,1.006312,3200,417964582,415343002
dKYM5y,1.018676,3264,428975218,421110478
atDmPG,1.001834,3295,429499534,428713060
dKYM5y,1.018222,3344,439461538,431596798
atDmPG,0.998214,3377,439461538,440248012
dKYM5y,1.008224,3440,449947858,446277646
atDmPG,1.011653,3474,455191018,449947858
dKYM5y,1.013214,3545,462352904,456323270
atDmPG,1.021706,3580,468906854,458944850
dKYM5y,1.010097,3624,472052750,467333906
atDmPG,1.022214,3682,482539070,472052750
dKYM5y,1.010985,3702,482539070,477295910
atDmPG,1.016211,3772,493025390,485160650
dKYM5y,1.005346,3792,493025390,490403810
atDmPG,1.017983,3856,504560342,495646970
dKYM5y,1.002094,3866,501938762,500890130
atDmPG,1.019826,3912,512425082,502463078
dKYM5y,1.008228,3946,513998030,509803502
atDmPG,1.015348,3980,520289822,512425082
dKYM5y,1.002026,3994,518716874,517668242
atDmPG,1.019128,4052,530776142,520814138
dKYM5y,1.000000,4070,528154562,528154562
atDmPG,1.014965,4080,533397722,525532982
dKYM5y,1.000000,4090,530776142,530776142
atDmPG,1.014891,4100,536019302,528154562
dKYM5y,1.000000,4090,530776142,530776142
atDmPG,1.009878,4110,536019302,530776142
dKYM5y,1.000000,4090,530776142,530776142
atDmPG,1.009830,4130,538640882,533397722
dKYM5y,1.000000,4110,533397722,533397722
atDmPG,1.009830,4130,538640882,533397722
dKYM5y,1.000000,4110,533397722,533397722
atDmPG,1.009830,4130,538640882,533397722
dKYM5y,1.004915,4120,536019302,533397722
atDmPG,1.014745,4140,541262462,533397722
dKYM5y,1.004915,4120,536019302,533397722
atDmPG,1.014745,4140,541262462,533397722
dKYM5y,1.004915,4120,536019302,533397722
atDmPG,1.009782,4150,541262462,536019302
dKYM5y,1.000000,4130,536019302,536019302
atDmPG,1.009782,4150,541262462,536019302
dKYM5y,1.000000,4130,536019302,536019302
atDmPG,1.009782,4150,541262462,536019302
dKYM5y,1.000000,4130,536019302,536019302
atDmPG,1.009782,4150,541262462,536019302
dKYM5y,1.000000,4130,536019302,536019302
atDmPG,1.009782,4150,541262462,536019302
dKYM5y,1.000000,4130,536019302,536019302
atDmPG,1.014672,4160,543884042,536019302
dKYM5y,1.000000,4130,536019302,536019302
atDmPG,1.014672,4160,543884042,536019302
dKYM5y,1.004891,4140,538640882,536019302
atDmPG,1.014672,4160,543884042,536019302
dKYM5y,1.004891,4140,538640882,536019302
atDmPG,1.014672,4160,543884042,536019302
dKYM5y,1.004891,4140,538640882,536019302
atDmPG,1.009734,4170,543884042,538640882
dKYM5y,1.000000,4150,538640882,538640882
atDmPG,1.009734,4170,543884042,538640882
dKYM5y,1.000000,4150,538640882,538640882
atDmPG,1.009734,4170,543884042,538640882
dKYM5y,1.000000,4150,538640882,538640882
atDmPG,1.014601,4180,546505622,538640882
dKYM5y,1.004867,4160,541262462,538640882
atDmPG,1.014601,4180,546505622,538640882
dKYM5y,1.004867,4160,541262462,538640882
atDmPG,1.014601,4180,546505622,538640882
dKYM5y,1.004867,4160,541262462,538640882
atDmPG,1.014601,4180,546505622,538640882
dKYM5y,1.004867,4160,541262462,538640882
atDmPG,1.009687,4190,546505622,541262462
dKYM5y,1.004867,4160,541262462,538640882
atDmPG,1.009687,4190,546505622,541262462
dKYM5y,1.000000,4170,541262462,541262462
atDmPG,1.009687,4190,546505622,541262462
dKYM5y,1.000000,4170,541262462,541262462
atDmPG,1.009687,4190,546505622,541262462
dKYM5y,1.000000,4170,541262462,541262462
atDmPG,1.011624,4194,547554254,541262462
dKYM5y,1.000000,4170,541262462,541262462
atDmPG,1.011624,4194,547554254,541262462
dKYM5y,1.004843,4180,543884042,541262462
atDmPG,1.011624,4194,547554254,541262462
dKYM5y,1.004843,4180,543884042,541262462
atDmPG,1.011624,4194,547554254,541262462
dKYM5y,1.004843,4180,543884042,541262462
atDmPG,1.006748,4204,547554254,543884042
dKYM5y,1.004843,4180,543884042,541262462
atDmPG,1.006748,4204,547554254,543884042
dKYM5y,1.004843,4180,543884042,541262462
atDmPG,1.006748,4204,547554254,543884042
dKYM5y,1.000000,4190,543884042,543884042
atDmPG,1.011568,4214,550175834,543884042
dKYM5y,1.000000,4190,543884042,543884042
atDmPG,1.011568,4214,550175834,543884042
dKYM5y,1.000000,4190,543884042,543884042
atDmPG,1.011568,4214,550175834,543884042
dKYM5y,1.000000,4190,543884042,543884042
atDmPG,1.011568,4214,550175834,543884042
dKYM5y,1.000000,4190,543884042,543884042
atDmPG,1.006716,4224,550175834,546505622
dKYM5y,1.004820,4200,546505622,543884042
atDmPG,1.006716,4224,550175834,546505622
dKYM5y,1.004820,4200,546505622,543884042
atDmPG,1.006716,4224,550175834,546505622
dKYM5y,1.004820,4200,546505622,543884042
atDmPG,1.006716,4224,550175834,546505622
dKYM5y,1.004820,4200,546505622,543884042
atDmPG,1.006716,4224,550175834,546505622
dKYM5y,1.000000,4210,546505622,546505622
atDmPG,1.011513,4234,552797414,546505622
dKYM5y,1.000000,4210,546505622,546505622
atDmPG,1.009576,4238,552797414,547554254
dKYM5y,1.001919,4214,547554254,546505622
atDmPG,1.014227,4288,560662154,552797414
dKYM5y,0.999532,4313,559875680,560137838
atDmPG,1.012911,4406,575867318,568526894
dKYM5y,0.995452,4428,573770054,576391634
atDmPG,1.009427,4517,589499534,583994216
dKYM5y,0.991145,4538,586877954,592121114
atDmPG,1.013143,4636,606277646,598412906
dKYM5y,0.991352,4646,601034486,606277646
atDmPG,1.011132,4738,619123388,612307280
dKYM5y,0.989387,4727,610996490,617550440
atDmPG,1.016859,4826,632493446,622007126
dKYM5y,0.983421,4826,622007126,632493446
atDmPG,1.018162,4930,646649978,635115026
dKYM5y,0.984939,4917,634328552,644028398
atDmPG,1.023514,5032,661855142,646649978
dKYM5y,0.978881,5007,644028398,657922772
atDmPG,1.025838,5137,676535990,659495720
dKYM5y,0.979669,5104,656874140,670506356
atDmPG,1.028944,5228,689643890,670244198
dKYM5y,0.979589,5181,666836144,680730518
atDmPG,1.032349,5318,702751790,680730518
dKYM5y,0.974066,5293,679419728,697508630
atDmPG,1.033954,5432,718481270,694887050
dKYM5y,0.973069,5389,691478996,710616530
atDmPG,1.038652,5526,732637802,705373370
dKYM5y,0.969506,5466,700130210,722151482
atDmPG,1.038187,5645,748367282,720840692
dKYM5y,0.972149,5564,713762426,734210750
atDmPG,1.040105,5738,761475182,732113486
dKYM5y,0.970471,5646,723724430,745745702
atDmPG,1.039081,5780,766718342,737880962
dKYM5y,0.970471,5646,723724430,745745702
atDmPG,1.039081,5780,766718342,737880962
dKYM5y,0.970471,5646,723724430,745745702
atDmPG,1.039081,5780,766718342,737880962
dKYM5y,0.970471,5646,723724430,745745702
atDmPG,1.039081,5780,766718342,737880962
dKYM5y,0.970471,5646,723724430,745745702
atDmPG,1.039081,5780,766718342,737880962
dKYM5y,0.973986,5656,726346010,745745702
atDmPG,1.039081,5780,766718342,737880962
dKYM5y,0.970574,5666,726346010,748367282
atDmPG,1.038943,5800,769339922,740502542
dKYM5y,0.970574,5666,726346010,748367282
atDmPG,1.038943,5800,769339922,740502542
dKYM5y,0.970574,5666,726346010,748367282
atDmPG,1.038943,5800,769339922,740502542
dKYM5y,0.970574,5666,726346010,748367282
atDmPG,1.038943,5800,769339922,740502542
dKYM5y,0.974077,5676,728967590,748367282
atDmPG,1.038943,5800,769339922,740502542
dKYM5y,0.974077,5676,728967590,748367282
atDmPG,1.042483,5810,771961502,740502542
dKYM5y,0.974077,5676,728967590,748367282
atDmPG,1.038806,5820,771961502,743124122
dKYM5y,0.970677,5686,728967590,750988862
atDmPG,1.038806,5820,771961502,743124122
dKYM5y,0.970677,5686,728967590,750988862
atDmPG,1.042333,5830,774583082,743124122
dKYM5y,0.968692,5700,730016222,753610442
atDmPG,1.038669,5840,774583082,745745702
dKYM5y,0.970392,5764,738929594,761475182
atDmPG,1.036393,5972,791361194,763572446
dKYM5y,0.970854,5856,750988862,773534450
atDmPG,1.037403,6087,807090674,777991136
dKYM5y,0.972080,5974,766718342,788739614
atDmPG,1.040152,6138,814955414,783496454
dKYM5y,0.968860,5984,766718342,791361194
atDmPG,1.040152,6138,814955414,783496454
dKYM5y,0.968860,5984,766718342,791361194
atDmPG,1.036683,6148,814955414,786118034
dKYM5y,0.968860,5984,766718342,791361194
atDmPG,1.036683,6148,814955414,786118034
dKYM5y,0.966761,6017,770126396,796604354
atDmPG,1.037765,6192,821247206,791361194
dKYM5y,0.966153,6082,778253294,805517726
atDmPG,1.039431,6299,836190212,804469094
dKYM5y,0.967935,6178,791361194,817576994
atDmPG,1.036840,6399,848511638,818363468
dKYM5y,0.967220,6282,804469094,831733526
atDmPG,1.034888,6515,863192486,834092948
dKYM5y,0.964116,6390,817052678,847463006
atDmPG,1.037834,6612,877349018,845365742
dKYM5y,0.963332,6466,826490366,857949326
atDmPG,1.038489,6714,891243392,858211484
dKYM5y,0.963238,6556,838025318,870008594
atDmPG,1.040161,6797,903040502,868173488
dKYM5y,0.959307,6637,846676532,882592178
atDmPG,1.036016,6881,912478190,880757072
dKYM5y,0.955805,6723,856114220,895700078
atDmPG,1.031949,6979,923504926,894913604
dKYM5y,0.954896,6802,865814066,906710714
atDmPG,1.032102,7073,936088510,906972872
dKYM5y,0.953161,6884,875251754,918261766
atDmPG,1.031048,7175,948934252,920359030
dKYM5y,0.952721,6984,887835338,931893982
atDmPG,1.029769,7272,961255678,933466930
dKYM5y,0.949023,7080,898321658,946574830
atDmPG,1.033484,7393,979082422,947361304
dKYM5y,0.949582,7160,908807978,957061150
atDmPG,1.032834,7474,989568742,958109782
dKYM5y,0.947492,7240,917737450,968596102
atDmPG,1.029880,7565,1000237860,971217682
dKYM5y,0.946324,7333,929010244,981704002
atDmPG,1.016166,7615,1000237860,984325582
dKYM5y,0.948099,7439,943428934,995074060
atDmPG,1.000000,7676,1000237860,1000237860
dKYM5y,0.957882,7515,958109782,1000237860
atDmPG,1.000000,7676,1000237860,1000237860
dKYM5y,0.976229,7585,976460842,1000237860
atDmPG,1.000000,7676,1000237860,1000237860
dKYM5y,0.991430,7643,991666006,1000237860
atDmPG,1.000000,7676,1000237860,1000237860
dKYM5y,1.000000,7676,1000237860,1000237860
atDmPG,1.000000,7676,1000237860,1000237860
