id,debt_ratio,exchanges,bytes_sent,bytes_received
UaJVqr,0.000000,0,0,0
RensXe,0.910407,64,5327890,5852206
UaJVqr,1.185425,151,18435790,15552052
RensXe,1.149396,194,24203266,21057370
UaJVqr,1.163157,260,33640954,28922110
RensXe,1.071264,312,39408430,36786850
UaJVqr,1.082197,376,48321802,44651590
RensXe,1.041169,418,53040646,50943382
UaJVqr,1.009245,456,57235174,56710858
RensXe,1.042676,500,64051282,61429702
UaJVqr,0.992490,552,69294442,69818758
RensXe,1.035171,600,77159182,74537602
UaJVqr,1.016430,635,81091552,79780762
RensXe,1.024516,682,87645502,85548238
UaJVqr,1.000000,738,93937294,93937294
RensXe,1.041286,763,99180454,95248084
UaJVqr,1.000000,838,107045194,107045194
RensXe,1.034626,844,109666774,105996562
UaJVqr,0.957294,938,117531514,122774674
RensXe,1.021819,948,122774674,120153094
UaJVqr,0.960655,1018,128017834,133260994
RensXe,1.019673,1048,135882574,133260994
UaJVqr,0.981895,1116,142174366,144795946
RensXe,1.032590,1144,149514790,144795946
UaJVqr,0.983398,1216,155282266,157903846
RensXe,1.041853,1241,163147006,156593056
UaJVqr,0.972321,1304,165768586,170487430
RensXe,1.031137,1326,173633326,168390166
UaJVqr,0.985556,1396,178876486,181498066
RensXe,1.035174,1410,185168278,178876486
UaJVqr,0.972838,1474,187789858,193033018
RensXe,1.046262,1481,195654598,187003384
UaJVqr,0.991041,1577,202995022,204830128
RensXe,1.057794,1588,211121920,199586968
UaJVqr,0.988043,1684,216627238,219248818
RensXe,1.062010,1684,224491978,211384078
UaJVqr,0.988641,1772,228162190,230783770
RensXe,1.053844,1776,236026930,223967662
UaJVqr,0.978502,1862,238648510,243891670
RensXe,1.066643,1882,251756410,236026930
UaJVqr,0.983442,1938,249134830,253329358
RensXe,1.074442,1972,264864310,246513250
UaJVqr,0.990199,2052,264864310,267485890
RensXe,1.065701,2065,276399262,259358992
UaJVqr,0.998103,2128,275874946,276399262
RensXe,1.056029,2113,281642422,266699416
UaJVqr,0.998156,2188,283739686,284264002
RensXe,1.062363,2204,294750322,277447894
UaJVqr,0.993813,2277,294750322,296585428
RensXe,1.062995,2281,305236642,287147740
UaJVqr,1.000000,2370,307858222,307858222
RensXe,1.061172,2380,318344542,299993482
UaJVqr,0.996717,2454,318344542,319393174
RensXe,1.054039,2454,327257914,310479802
UaJVqr,0.987385,2542,328306546,332501074
RensXe,1.054413,2551,340365814,322801228
UaJVqr,0.977244,2628,337744234,345608974
RensXe,1.046572,2658,353473714,337744234
UaJVqr,0.979386,2710,348754870,356095294
RensXe,1.056132,2732,365008666,345608974
UaJVqr,0.980636,2783,358454716,365532982
RensXe,1.051383,2816,375494986,357143926
UaJVqr,0.983007,2822,363960034,370251826
RensXe,1.046773,2822,375494986,358716874
UaJVqr,0.983007,2822,363960034,370251826
RensXe,1.046773,2822,375494986,358716874
UaJVqr,0.983007,2822,363960034,370251826
RensXe,1.046773,2822,375494986,358716874
UaJVqr,0.985839,2826,365008666,370251826
RensXe,1.054081,2832,378116566,358716874
UaJVqr,0.984445,2828,365008666,370776142
RensXe,1.046433,2842,378116566,361338454
UaJVqr,0.978908,2836,365008666,372873406
RensXe,1.046433,2842,378116566,361338454
UaJVqr,0.978908,2836,365008666,372873406
RensXe,1.046433,2842,378116566,361338454
UaJVqr,0.985938,2846,367630246,372873406
RensXe,1.053688,2852,380738146,361338454
UaJVqr,0.985938,2846,367630246,372873406
RensXe,1.053688,2852,380738146,361338454
UaJVqr,0.985938,2846,367630246,372873406
RensXe,1.053688,2852,380738146,361338454
UaJVqr,0.985938,2846,367630246,372873406
RensXe,1.053688,2852,380738146,361338454
UaJVqr,0.985938,2846,367630246,372873406
RensXe,1.053688,2852,380738146,361338454
UaJVqr,0.985938,2846,367630246,372873406
RensXe,1.053688,2852,380738146,361338454
UaJVqr,0.985938,2846,367630246,372873406
RensXe,1.046099,2862,380738146,363960034
UaJVqr,0.985938,2846,367630246,372873406
RensXe,1.046099,2862,380738146,363960034
UaJVqr,0.979055,2856,367630246,375494986
RensXe,1.046099,2862,380738146,363960034
UaJVqr,0.979055,2856,367630246,375494986
RensXe,1.046099,2862,380738146,363960034
UaJVqr,0.986037,2866,370251826,375494986
RensXe,1.053302,2872,383359726,363960034
UaJVqr,0.986037,2866,370251826,375494986
RensXe,1.053302,2872,383359726,363960034
UaJVqr,0.986037,2866,370251826,375494986
RensXe,1.053302,2872,383359726,363960034
UaJVqr,0.986037,2866,370251826,375494986
RensXe,1.050276,2876,383359726,365008666
UaJVqr,0.986037,2866,370251826,375494986
RensXe,1.050276,2876,383359726,365008666
UaJVqr,0.986133,2886,372873406,378116566
RensXe,1.050276,2876,383359726,365008666
UaJVqr,0.986133,2886,372873406,378116566
RensXe,1.057458,2886,385981306,365008666
UaJVqr,0.986133,2886,372873406,378116566
RensXe,1.057458,2886,385981306,365008666
UaJVqr,0.986133,2886,372873406,378116566
RensXe,1.049917,2896,385981306,367630246
UaJVqr,0.986133,2886,372873406,378116566
RensXe,1.049917,2896,385981306,367630246
UaJVqr,0.986133,2886,372873406,378116566
RensXe,1.049917,2896,385981306,367630246
UaJVqr,0.986133,2886,372873406,378116566
RensXe,1.049917,2896,385981306,367630246
UaJVqr,0.984163,2903,374708512,380738146
RensXe,1.049917,2896,385981306,367630246
UaJVqr,0.986229,2906,375494986,380738146
RensXe,1.057048,2906,388602886,367630246
UaJVqr,0.986229,2906,375494986,380738146
RensXe,1.057048,2906,388602886,367630246
UaJVqr,0.986416,2946,380738146,385981306
RensXe,1.062788,3011,403808050,379951672
UaJVqr,0.983685,3061,395156836,401710786
RensXe,1.062156,3140,421110478,396467626
UaJVqr,0.988610,3164,409575526,414294370
RensXe,1.065204,3252,436839958,410099842
UaJVqr,0.985970,3277,423732058,429761692
RensXe,1.074705,3354,452569438,421110478
UaJVqr,0.983376,3362,434218378,441558802
RensXe,1.075975,3428,461566430,428975218
UaJVqr,0.976694,3414,439461538,449947858
RensXe,1.079626,3513,473887856,438937222
UaJVqr,0.975255,3489,447588436,458944850
RensXe,1.078260,3598,485160650,449947858
UaJVqr,0.970749,3556,455191018,468906854
RensXe,1.085683,3692,498268550,458944850
UaJVqr,0.961762,3632,461566430,479917490
RensXe,1.092622,3746,507181922,464188010
UaJVqr,0.964452,3688,469431170,486733598
RensXe,1.094994,3834,519765506,474674330
UaJVqr,0.966906,3785,482539070,499055024
RensXe,1.097698,3927,533135564,485684966
UaJVqr,0.961947,3856,490403810,509803502
RensXe,1.095959,4016,544932674,497219918
UaJVqr,0.961084,3921,498530708,518716874
RensXe,1.100485,4096,556991942,506133290
UaJVqr,0.965254,4000,509803502,528154562
RensXe,1.101284,4190,570099842,517668242
UaJVqr,0.962056,4074,518454716,538903040
RensXe,1.105831,4279,583469900,527630246
UaJVqr,0.966549,4156,530251826,548602886
RensXe,1.102844,4355,593169746,537854408
UaJVqr,0.965236,4224,538640882,558040574
RensXe,1.111077,4450,608374910,547554254
UaJVqr,0.966830,4310,550175834,569051210
RensXe,1.114843,4534,620958494,556991942
UaJVqr,0.963779,4378,558040574,579013214
RensXe,1.112519,4603,629871866,566167472
UaJVqr,0.967003,4452,568526894,587926586
RensXe,1.110776,4690,641406818,577440266
UaJVqr,0.967439,4512,576391634,595791326
RensXe,1.113869,4756,651368822,584780690
UaJVqr,0.964665,4600,586877954,608374910
RensXe,1.111764,4840,662379458,595791326
UaJVqr,0.964054,4685,597626432,619909862
RensXe,1.118479,4940,678108938,606277646
UaJVqr,0.965354,4749,606277646,628036760
RensXe,1.118669,5004,687022310,614142386
UaJVqr,0.970766,4827,618074756,636687974
RensXe,1.118356,5088,698557262,624628706
UaJVqr,0.974824,4904,629347550,645601346
RensXe,1.123521,5181,712975952,634590710
UaJVqr,0.972462,4983,638785238,656874140
RensXe,1.123746,5258,723724430,644028398
UaJVqr,0.973277,5062,649271558,667098302
RensXe,1.119840,5312,730016222,651893138
UaJVqr,0.973403,5086,652417454,670244198
RensXe,1.119840,5312,730016222,651893138
UaJVqr,0.976532,5094,654514718,670244198
RensXe,1.119840,5312,730016222,651893138
UaJVqr,0.976532,5094,654514718,670244198
RensXe,1.119840,5312,730016222,651893138
UaJVqr,0.976532,5094,654514718,670244198
RensXe,1.119840,5312,730016222,651893138
UaJVqr,0.976532,5094,654514718,670244198
RensXe,1.119360,5332,732637802,654514718
UaJVqr,0.972727,5104,654514718,672865778
RensXe,1.119360,5332,732637802,654514718
UaJVqr,0.976623,5114,657136298,672865778
RensXe,1.119360,5332,732637802,654514718
UaJVqr,0.976623,5114,657136298,672865778
RensXe,1.119360,5332,732637802,654514718
UaJVqr,0.976623,5114,657136298,672865778
RensXe,1.119360,5332,732637802,654514718
UaJVqr,0.976623,5114,657136298,672865778
RensXe,1.119360,5332,732637802,654514718
UaJVqr,0.976623,5114,657136298,672865778
RensXe,1.123366,5342,735259382,654514718
UaJVqr,0.976623,5114,657136298,672865778
RensXe,1.118884,5352,735259382,657136298
UaJVqr,0.972833,5124,657136298,675487358
RensXe,1.118884,5352,735259382,657136298
UaJVqr,0.976714,5134,659757878,675487358
RensXe,1.118884,5352,735259382,657136298
UaJVqr,0.976714,5134,659757878,675487358
RensXe,1.118884,5352,735259382,657136298
UaJVqr,0.976714,5134,659757878,675487358
RensXe,1.118884,5352,735259382,657136298
UaJVqr,0.976714,5134,659757878,675487358
RensXe,1.118884,5352,735259382,657136298
UaJVqr,0.976714,5134,659757878,675487358
RensXe,1.118884,5352,735259382,657136298
UaJVqr,0.976714,5134,659757878,675487358
RensXe,1.122874,5362,737880962,657136298
UaJVqr,0.980595,5144,662379458,675487358
RensXe,1.122874,5362,737880962,657136298
UaJVqr,0.976804,5154,662379458,678108938
RensXe,1.118412,5372,737880962,659757878
UaJVqr,0.976804,5154,662379458,678108938
RensXe,1.118412,5372,737880962,659757878
UaJVqr,0.976804,5154,662379458,678108938
RensXe,1.118412,5372,737880962,659757878
UaJVqr,0.976804,5154,662379458,678108938
RensXe,1.122385,5382,740502542,659757878
UaJVqr,0.976804,5154,662379458,678108938
RensXe,1.122385,5382,740502542,659757878
UaJVqr,0.976804,5154,662379458,678108938
RensXe,1.122385,5382,740502542,659757878
UaJVqr,0.976893,5174,665001038,680730518
RensXe,1.121901,5402,743124122,662379458
UaJVqr,0.977486,5223,671554988,687022310
RensXe,1.121205,5536,761475182,679157570
UaJVqr,0.977617,5342,687022310,702751790
RensXe,1.127999,5660,780874874,692265470
UaJVqr,0.976648,5458,701703158,718481270
RensXe,1.125621,5760,793982774,705373370
UaJVqr,0.977703,5540,712713794,728967590
RensXe,1.131587,5840,807090674,713238110
UaJVqr,0.977262,5606,721102850,737880962
RensXe,1.133302,5930,820198574,723724430
UaJVqr,0.978959,5684,731851328,747580808
RensXe,1.131211,6018,831733526,735259382
UaJVqr,0.977583,5775,743124122,760164392
RensXe,1.133280,6107,844841426,745483544
UaJVqr,0.976228,5860,753610442,771961502
RensXe,1.137469,6198,858997958,755183390
UaJVqr,0.974913,5945,764096762,783758612
RensXe,1.137534,6273,869484278,764358920
UaJVqr,0.975567,6024,774583082,793982774
RensXe,1.137597,6348,879970598,773534450
UaJVqr,0.973278,6096,782972138,804469094
RensXe,1.139863,6436,893078498,783496454
UaJVqr,0.971361,6167,791361194,814693256
RensXe,1.140182,6514,904089134,792934142
UaJVqr,0.974862,6247,803158304,823868786
RensXe,1.140605,6590,914591554,801847514
UaJVqr,0.976360,6311,812071676,831733526
RensXe,1.139436,6672,925602190,812333834
UaJVqr,0.973853,6382,820198574,842219846
RensXe,1.139110,6748,936088510,821771522
UaJVqr,0.975953,6450,829898420,850346744
RensXe,1.141946,6834,949196410,831209210
UaJVqr,0.974715,6523,838811792,860570906
RensXe,1.141153,6900,958109782,839598266
UaJVqr,0.974070,6588,846938690,869484278
RensXe,1.145321,6982,971217682,847987322
UaJVqr,0.975266,6669,857949326,879708440
RensXe,1.143676,7071,983014792,859522274
UaJVqr,0.976735,6753,869484278,890194760
RensXe,1.147155,7164,997433482,869484278
UaJVqr,0.982198,6833,882330020,898321658
RensXe,1.136333,7216,1000237860,880232756
UaJVqr,0.982692,6914,893078498,908807978
RensXe,1.119989,7265,1000237860,893078498
UaJVqr,0.986595,7017,908021504,920359030
RensXe,1.103788,7315,1000237860,906186398
UaJVqr,0.985355,7094,917213134,930845350
RensXe,1.088962,7364,1000237860,918523924
UaJVqr,0.983064,7187,928223770,944215408
RensXe,1.071229,7422,1000237860,933729088
UaJVqr,0.982536,7310,943953250,960731362
RensXe,1.050582,7492,1000237860,952080148
UaJVqr,0.980887,7403,955226044,973839262
RensXe,1.032668,7555,1000237860,968596102
UaJVqr,0.982236,7521,971217682,988782268
RensXe,1.014275,7622,1000237860,986160688
UaJVqr,0.986188,7623,986422846,1000237860
RensXe,1.000183,7675,1000237860,1000055062
UaJVqr,1.000000,7676,1000237860,1000237860
RensXe,1.000000,7676,1000237860,1000237860
