id,debt_ratio,exchanges,bytes_sent,bytes_received
UmUhkF,2435.922592,22,2706310,1110
dWYfav,0.403853,92,5327890,13192630
UmUhkF,1.165774,152,18435790,15814210
dWYfav,0.728072,212,21057370,28922110
UmUhkF,1.083109,272,34165270,31543690
dWYfav,0.765152,322,34165270,44651590
UmUhkF,0.906408,388,45700222,50419066
dWYfav,0.811932,426,47535328,58545964
UmUhkF,0.937323,485,58808122,62740492
dWYfav,0.826775,517,58808122,71129548
UmUhkF,0.964829,580,71916022,74537602
dWYfav,0.851999,622,72440338,85023922
UmUhkF,0.969167,660,82402342,85023922
dWYfav,0.880540,714,85023922,96558874
UmUhkF,0.991697,741,93937294,94723768
dWYfav,0.873304,805,95772400,109666774
UmUhkF,0.952190,838,104423614,109666774
dWYfav,0.910318,916,111764038,122774674
UmUhkF,0.965090,922,115958566,120153094
dWYfav,0.927212,1001,123561148,133260994
UmUhkF,0.962549,1017,128017834,132998836
dWYfav,0.933372,1095,135882574,145582420
UmUhkF,0.981561,1096,139552786,142174366
dWYfav,0.947048,1198,150039106,158428162
UmUhkF,0.966795,1206,152660686,157903846
dWYfav,0.952550,1297,163147006,171273904
UmUhkF,0.970374,1285,163147006,168128008
dWYfav,0.946200,1396,175206274,185168278
UmUhkF,0.976889,1390,177303538,181498066
dWYfav,0.933891,1484,185168278,198276178
UmUhkF,0.986419,1484,190411438,193033018
dWYfav,0.937990,1584,198276178,211384078
UmUhkF,0.987119,1564,200897758,203519338
dWYfav,0.940921,1664,208762498,221870398
UmUhkF,0.997580,1672,216102922,216627238
dWYfav,0.949513,1759,221870398,233667508
UmUhkF,1.000000,1762,228162190,228162190
dWYfav,0.948845,1850,233405350,245988934
UmUhkF,0.997827,1860,240745774,241270090
dWYfav,0.941903,1960,246513250,261718414
UmUhkF,0.989799,1972,254377990,256999570
dWYfav,0.954691,2049,259621150,271942576
UmUhkF,1.000000,2062,267485890,267485890
dWYfav,0.959044,2126,270107470,281642422
UmUhkF,1.000000,2150,279020842,279020842
dWYfav,0.964104,2210,281642422,292128742
UmUhkF,0.991026,2240,289507162,292128742
dWYfav,0.966475,2309,294750322,304974484
UmUhkF,0.998269,2330,302352904,302877220
dWYfav,0.975090,2400,307858222,315722962
UmUhkF,0.996690,2434,315722962,316771594
dWYfav,0.973775,2505,321228280,329879494
UmUhkF,1.000000,2518,327257914,327257914
dWYfav,0.975522,2604,334336180,342725236
UmUhkF,1.000776,2599,338006392,337744234
dWYfav,0.977750,2688,345608974,353473714
UmUhkF,1.005298,2671,348230554,346395448
dWYfav,0.975580,2772,356095294,365008666
UmUhkF,1.011745,2762,361338454,357143926
dWYfav,0.972267,2866,367630246,378116566
UmUhkF,1.008509,2854,372873406,369727510
dWYfav,0.972709,2985,383097568,393846046
UmUhkF,1.005426,2978,388602886,386505622
dWYfav,0.973757,3105,398827048,409575526
UmUhkF,1.000000,3106,404332366,404332366
dWYfav,0.970449,3222,413245738,425829322
UmUhkF,0.998117,3205,416915950,417702424
dWYfav,0.972543,3326,427140112,439199380
UmUhkF,0.999388,3287,427926586,428188744
dWYfav,0.973827,3415,438937222,450734332
UmUhkF,0.991105,3379,438150748,442083118
dWYfav,0.972462,3492,447326278,459993482
UmUhkF,0.991867,3450,447588436,451258648
dWYfav,0.973985,3607,461304272,473625698
UmUhkF,0.994888,3553,459207008,461566430
dWYfav,0.973128,3712,474674330,487782230
UmUhkF,0.993894,3633,469431170,472314908
dWYfav,0.972188,3799,485684966,499579340
UmUhkF,0.989193,3722,479917490,485160650
dWYfav,0.972231,3876,495646970,509803502
UmUhkF,0.989365,3782,487782230,493025390
dWYfav,0.966911,3964,505608974,522911402
UmUhkF,0.987465,3846,495646970,501938762
dWYfav,0.967498,4036,515046662,532349090
UmUhkF,0.979640,3930,504560342,515046662
dWYfav,0.966096,4100,522911402,541262462
UmUhkF,0.978944,3988,511900766,522911402
dWYfav,0.965708,4168,531562616,550437992
UmUhkF,0.980243,4050,520289822,530776142
dWYfav,0.965072,4204,536019302,555418994
UmUhkF,0.980243,4050,520289822,530776142
dWYfav,0.965236,4224,538640882,558040574
UmUhkF,0.980341,4070,522911402,533397722
dWYfav,0.965236,4224,538640882,558040574
UmUhkF,0.980437,4090,525532982,536019302
dWYfav,0.965399,4244,541262462,560662154
UmUhkF,0.980437,4090,525532982,536019302
dWYfav,0.965399,4244,541262462,560662154
UmUhkF,0.980437,4090,525532982,536019302
dWYfav,0.965399,4244,541262462,560662154
UmUhkF,0.980437,4090,525532982,536019302
dWYfav,0.965399,4244,541262462,560662154
UmUhkF,0.980437,4090,525532982,536019302
dWYfav,0.965399,4244,541262462,560662154
UmUhkF,0.980437,4090,525532982,536019302
dWYfav,0.965399,4244,541262462,560662154
UmUhkF,0.980437,4090,525532982,536019302
dWYfav,0.965399,4244,541262462,560662154
UmUhkF,0.980437,4090,525532982,536019302
dWYfav,0.965560,4264,543884042,563283734
UmUhkF,0.980532,4110,528154562,538640882
dWYfav,0.965560,4264,543884042,563283734
UmUhkF,0.980532,4110,528154562,538640882
dWYfav,0.965560,4264,543884042,563283734
UmUhkF,0.980532,4110,528154562,538640882
dWYfav,0.965560,4264,543884042,563283734
UmUhkF,0.980532,4110,528154562,538640882
dWYfav,0.965560,4264,543884042,563283734
UmUhkF,0.980532,4110,528154562,538640882
dWYfav,0.965560,4264,543884042,563283734
UmUhkF,0.980532,4110,528154562,538640882
dWYfav,0.970214,4274,546505622,563283734
UmUhkF,0.975783,4120,528154562,541262462
dWYfav,0.969311,4276,546505622,563808050
UmUhkF,0.980626,4130,530776142,541262462
dWYfav,0.965719,4284,546505622,565905314
UmUhkF,0.980626,4130,530776142,541262462
dWYfav,0.965719,4284,546505622,565905314
UmUhkF,0.980626,4130,530776142,541262462
dWYfav,0.965719,4284,546505622,565905314
UmUhkF,0.980626,4130,530776142,541262462
dWYfav,0.965719,4284,546505622,565905314
UmUhkF,0.980626,4130,530776142,541262462
dWYfav,0.965719,4284,546505622,565905314
UmUhkF,0.980626,4130,530776142,541262462
dWYfav,0.965719,4284,546505622,565905314
UmUhkF,0.980626,4130,530776142,541262462
dWYfav,0.965719,4284,546505622,565905314
UmUhkF,0.980626,4130,530776142,541262462
dWYfav,0.965719,4284,546505622,565905314
UmUhkF,0.980626,4130,530776142,541262462
dWYfav,0.963111,4298,547554254,568526894
UmUhkF,0.975899,4140,530776142,543884042
dWYfav,0.963111,4298,547554254,568526894
UmUhkF,0.980720,4150,533397722,543884042
dWYfav,0.963111,4298,547554254,568526894
UmUhkF,0.980720,4150,533397722,543884042
dWYfav,0.963111,4298,547554254,568526894
UmUhkF,0.980720,4150,533397722,543884042
dWYfav,0.963111,4298,547554254,568526894
UmUhkF,0.980720,4150,533397722,543884042
dWYfav,0.963111,4298,547554254,568526894
UmUhkF,0.980720,4150,533397722,543884042
dWYfav,0.963111,4298,547554254,568526894
UmUhkF,0.980720,4150,533397722,543884042
dWYfav,0.963111,4298,547554254,568526894
UmUhkF,0.980720,4150,533397722,543884042
dWYfav,0.967722,4308,550175834,568526894
UmUhkF,0.980720,4150,533397722,543884042
dWYfav,0.967722,4308,550175834,568526894
UmUhkF,0.980720,4150,533397722,543884042
dWYfav,0.963280,4318,550175834,571148474
UmUhkF,0.980812,4170,536019302,546505622
dWYfav,0.963280,4318,550175834,571148474
UmUhkF,0.980812,4170,536019302,546505622
dWYfav,0.963280,4318,550175834,571148474
UmUhkF,0.980812,4170,536019302,546505622
dWYfav,0.963280,4318,550175834,571148474
UmUhkF,0.980812,4170,536019302,546505622
dWYfav,0.963280,4318,550175834,571148474
UmUhkF,0.980812,4170,536019302,546505622
dWYfav,0.963280,4318,550175834,571148474
UmUhkF,0.980812,4170,536019302,546505622
dWYfav,0.967870,4328,552797414,571148474
UmUhkF,0.983690,4176,537592250,546505622
dWYfav,0.967870,4328,552797414,571148474
UmUhkF,0.985609,4180,538640882,546505622
dWYfav,0.963448,4338,552797414,573770054
UmUhkF,0.985609,4180,538640882,546505622
dWYfav,0.963448,4338,552797414,573770054
UmUhkF,0.985609,4180,538640882,546505622
dWYfav,0.965433,4362,556467626,576391634
UmUhkF,0.979426,4274,549127202,560662154
dWYfav,0.967295,4492,573770054,593169746
UmUhkF,0.983125,4389,565118840,574818686
dWYfav,0.968140,4612,589499534,608899226
UmUhkF,0.982664,4501,579537530,589761692
dWYfav,0.963593,4733,603656066,626463812
UmUhkF,0.975353,4609,591334640,606277646
dWYfav,0.957493,4830,614142386,641406818
UmUhkF,0.970397,4700,601558802,619909862
dWYfav,0.962198,4920,627250286,651893138
UmUhkF,0.970058,4778,611520806,630396182
dWYfav,0.960578,5014,638785238,665001038
UmUhkF,0.970285,4881,624890864,644028398
dWYfav,0.957474,5104,649271558,678108938
UmUhkF,0.965691,4968,634590710,657136298
dWYfav,0.967184,5196,664476722,687022310
UmUhkF,0.964659,5044,644028398,667622618
dWYfav,0.972082,5268,675487358,694887050
UmUhkF,0.963015,5136,655301192,680468360
dWYfav,0.972229,5367,688333100,707994950
UmUhkF,0.960616,5218,665001038,692265470
dWYfav,0.967280,5452,697508630,721102850
UmUhkF,0.958746,5311,676273832,705373370
dWYfav,0.967438,5539,708781424,732637802
UmUhkF,0.957901,5389,685973678,716121848
dWYfav,0.965549,5632,720054218,745745702
UmUhkF,0.954703,5478,696197840,729229748
dWYfav,0.961999,5720,730016222,758853602
UmUhkF,0.954749,5570,707994950,741551174
dWYfav,0.962644,5820,743124122,771961502
UmUhkF,0.955821,5663,720316376,753610442
dWYfav,0.965202,5914,756232022,783496454
UmUhkF,0.952391,5741,728967590,765407552
dWYfav,0.964458,6010,768291290,796604354
UmUhkF,0.950482,5831,739716068,778253294
dWYfav,0.961273,6118,780874874,812333834
UmUhkF,0.949579,5918,750464546,790312562
dWYfav,0.963725,6212,793982774,823868786
UmUhkF,0.952438,5993,761213024,799225934
dWYfav,0.963273,6295,804469094,835141580
UmUhkF,0.949174,6100,773534450,814955414
dWYfav,0.962607,6444,823344470,855327746
UmUhkF,0.950705,6214,788739614,829636262
dWYfav,0.962613,6550,836976686,869484278
UmUhkF,0.948179,6319,801061040,844841426
dWYfav,0.957480,6670,850084586,887835338
UmUhkF,0.943338,6420,811809518,860570906
dWYfav,0.962646,6766,864765434,898321658
UmUhkF,0.940959,6517,823082312,874727438
dWYfav,0.962608,6864,877349018,911429558
UmUhkF,0.939173,6608,833830790,887835338
dWYfav,0.963311,6949,888359654,922194136
UmUhkF,0.936548,6694,843530636,900681080
dWYfav,0.962455,7050,900943238,936088510
UmUhkF,0.934782,6775,852968324,912478190
dWYfav,0.960742,7138,911429558,948672094
UmUhkF,0.940200,6858,865814066,920883346
dWYfav,0.960979,7231,923242768,960731362
UmUhkF,0.937478,6955,876824702,935302036
dWYfav,0.961235,7330,936088510,973839262
UmUhkF,0.934748,7042,886524548,948409936
dWYfav,0.961648,7410,946574830,984325582
UmUhkF,0.935039,7134,898321658,960731362
dWYfav,0.960028,7498,957061150,996909166
UmUhkF,0.933293,7203,906186398,970955524
dWYfav,0.969414,7559,969644734,1000237860
UmUhkF,0.927920,7293,914591554,985636372
dWYfav,0.984092,7615,984325582,1000237860
UmUhkF,0.927009,7384,925602190,998482114
dWYfav,0.999817,7675,1000055062,1000237860
UmUhkF,0.940584,7449,940807354,1000237860
dWYfav,1.000000,7676,1000237860,1000237860
UmUhkF,0.957882,7515,958109782,1000237860
dWYfav,1.000000,7676,1000237860,1000237860
UmUhkF,0.978850,7595,979082422,1000237860
dWYfav,1.000000,7676,1000237860,1000237860
UmUhkF,0.997196,7665,997433482,1000237860
dWYfav,1.000000,7676,1000237860,1000237860
