id,debt_ratio,exchanges,bytes_sent,bytes_received
RPw7GT,0.016726,41,84730,5065732
SEJWmw,2.057183,111,15814210,7687312
RPw7GT,0.751006,162,15814210,21057370
SEJWmw,1.308337,216,28922110,22106002
RPw7GT,0.876204,279,31543690,36000376
SEJWmw,1.262520,323,44127274,34951744
RPw7GT,0.948539,400,48321802,50943382
SEJWmw,1.195550,448,60905386,50943382
RPw7GT,1.000000,510,64051282,64051282
SEJWmw,1.122788,540,71916022,64051282
RPw7GT,0.993251,612,77159182,77683498
SEJWmw,1.078864,654,86072554,79780762
RPw7GT,1.000000,710,90267082,90267082
SEJWmw,1.121978,752,101277718,90267082
RPw7GT,1.010144,814,104423614,103374982
SEJWmw,1.075316,848,112288354,104423614
RPw7GT,1.020533,907,117269356,114909934
SEJWmw,1.063590,930,122774674,115434250
RPw7GT,1.016383,1006,130115098,128017834
SEJWmw,1.059266,1029,135882574,128279992
RPw7GT,1.022291,1110,144271630,141125734
SEJWmw,1.075142,1126,150039106,139552786
RPw7GT,1.017173,1196,155282266,152660686
SEJWmw,1.051518,1216,160525426,152660686
RPw7GT,1.014211,1297,168390166,166030744
SEJWmw,1.064275,1306,173633326,163147006
RPw7GT,1.005778,1410,182546698,181498066
SEJWmw,1.049830,1420,187789858,178876486
RPw7GT,1.000000,1514,195654598,195654598
SEJWmw,1.055072,1514,200897758,190411438
RPw7GT,1.000000,1614,208762498,208762498
SEJWmw,1.065247,1604,214005658,200897758
RPw7GT,1.007174,1700,220821766,219248818
SEJWmw,1.049000,1694,224491978,214005658
RPw7GT,1.009088,1790,232881034,230783770
SEJWmw,1.039246,1788,236026930,227113558
RPw7GT,1.010866,1872,243891670,241270090
SEJWmw,1.054926,1892,251756410,238648510
RPw7GT,1.010306,1972,256999570,254377990
SEJWmw,1.051561,1971,261980572,249134830
RPw7GT,1.019994,2042,267485890,262242730
SEJWmw,1.053680,2049,272729050,258834676
RPw7GT,1.018194,2129,278758684,273777682
SEJWmw,1.049499,2133,283477528,270107470
RPw7GT,1.018445,2210,289507162,284264002
SEJWmw,1.044679,2218,294226006,281642422
RPw7GT,1.015080,2293,299993482,295536796
SEJWmw,1.039135,2314,306285274,294750322
RPw7GT,1.017031,2390,313101382,307858222
SEJWmw,1.042943,2400,318344542,305236642
RPw7GT,1.009866,2466,322014754,318868858
SEJWmw,1.036234,2494,329879494,318344542
RPw7GT,1.000000,2558,332501074,332501074
SEJWmw,1.048064,2578,342987394,327257914
RPw7GT,0.997707,2635,342200920,342987394
SEJWmw,1.038810,2648,350852134,337744234
RPw7GT,1.000000,2658,345608974,345608974
SEJWmw,1.030809,2658,350852134,340365814
RPw7GT,1.000000,2658,345608974,345608974
SEJWmw,1.030809,2658,350852134,340365814
RPw7GT,1.000000,2658,345608974,345608974
SEJWmw,1.030809,2658,350852134,340365814
RPw7GT,0.992472,2668,345608974,348230554
SEJWmw,1.030809,2658,350852134,340365814
RPw7GT,1.000000,2678,348230554,348230554
SEJWmw,1.038511,2668,353473714,340365814
RPw7GT,1.000000,2678,348230554,348230554
SEJWmw,1.030573,2678,353473714,342987394
RPw7GT,1.000000,2678,348230554,348230554
SEJWmw,1.030573,2678,353473714,342987394
RPw7GT,1.000000,2678,348230554,348230554
SEJWmw,1.030573,2678,353473714,342987394
RPw7GT,1.000000,2678,348230554,348230554
SEJWmw,1.030573,2678,353473714,342987394
RPw7GT,1.000000,2678,348230554,348230554
SEJWmw,1.030573,2678,353473714,342987394
RPw7GT,1.000000,2678,348230554,348230554
SEJWmw,1.030573,2678,353473714,342987394
RPw7GT,0.992528,2688,348230554,350852134
SEJWmw,1.038217,2688,356095294,342987394
RPw7GT,0.992528,2688,348230554,350852134
SEJWmw,1.038217,2688,356095294,342987394
RPw7GT,1.000000,2698,350852134,350852134
SEJWmw,1.038217,2688,356095294,342987394
RPw7GT,1.000000,2698,350852134,350852134
SEJWmw,1.030342,2698,356095294,345608974
RPw7GT,1.000000,2698,350852134,350852134
SEJWmw,1.030342,2698,356095294,345608974
RPw7GT,1.000000,2698,350852134,350852134
SEJWmw,1.030342,2698,356095294,345608974
RPw7GT,0.992583,2708,350852134,353473714
SEJWmw,1.030342,2698,356095294,345608974
RPw7GT,0.992583,2708,350852134,353473714
SEJWmw,1.037168,2707,358454716,345608974
RPw7GT,0.992583,2708,350852134,353473714
SEJWmw,1.037927,2708,358716874,345608974
RPw7GT,1.000000,2718,353473714,353473714
SEJWmw,1.037927,2708,358716874,345608974
RPw7GT,1.000000,2718,353473714,353473714
SEJWmw,1.030113,2718,358716874,348230554
RPw7GT,1.000000,2718,353473714,353473714
SEJWmw,1.030113,2718,358716874,348230554
RPw7GT,1.000000,2718,353473714,353473714
SEJWmw,1.030113,2718,358716874,348230554
RPw7GT,0.992638,2728,353473714,356095294
SEJWmw,1.030113,2718,358716874,348230554
RPw7GT,0.992638,2728,353473714,356095294
SEJWmw,1.030113,2718,358716874,348230554
RPw7GT,0.992638,2728,353473714,356095294
SEJWmw,1.037641,2728,361338454,348230554
RPw7GT,1.000000,2738,356095294,356095294
SEJWmw,1.029888,2738,361338454,350852134
RPw7GT,1.000000,2738,356095294,356095294
SEJWmw,1.029888,2738,361338454,350852134
RPw7GT,0.999275,2779,361338454,361600612
SEJWmw,1.030472,2820,372349090,361338454
RPw7GT,0.993018,2876,372873406,375494986
SEJWmw,1.026493,2928,385981306,376019302
RPw7GT,0.998650,2982,387816412,388340728
SEJWmw,1.032382,3034,401186470,388602886
RPw7GT,0.998695,3084,401186470,401710786
SEJWmw,1.033715,3158,417964582,404332366
RPw7GT,1.003186,3165,412721422,411410632
SEJWmw,1.030069,3262,431072482,418488898
RPw7GT,1.007470,3246,424256374,421110478
SEJWmw,1.023054,3356,442083118,432121114
RPw7GT,1.010940,3330,436053484,431334640
SEJWmw,1.017582,3464,455191018,447326278
RPw7GT,1.013663,3411,447326278,441296644
SEJWmw,1.008559,3561,463401536,459469166
RPw7GT,1.009284,3484,455977492,451782964
SEJWmw,1.007762,3662,476509436,472839224
RPw7GT,1.009088,3578,465760958,461566430
SEJWmw,0.996232,3749,485160650,486995756
RPw7GT,1.007775,3656,475722962,472052750
SEJWmw,1.005261,3852,500890130,498268550
RPw7GT,1.011415,3741,487782230,482276912
SEJWmw,1.001024,3948,512425082,511900766
RPw7GT,1.015952,3832,500890130,493025390
SEJWmw,1.005495,4055,527630246,524746508
RPw7GT,1.012561,3886,507181922,500890130
SEJWmw,1.000489,4131,536281460,536019302
RPw7GT,1.018054,3953,517406084,508230554
SEJWmw,1.001915,4222,548602886,547554254
RPw7GT,1.020155,4050,530776142,520289822
SEJWmw,1.000468,4319,560924312,560662154
RPw7GT,1.018275,4127,540475988,530776142
SEJWmw,1.004118,4421,575343002,572983580
RPw7GT,1.012569,4204,549127202,542311094
SEJWmw,1.003137,4511,586877954,585042848
RPw7GT,1.013773,4281,559613522,552010940
SEJWmw,1.003505,4614,600510170,598412906
RPw7GT,1.013962,4368,571148474,563283734
SEJWmw,1.004343,4656,606277646,603656066
RPw7GT,1.013962,4368,571148474,563283734
SEJWmw,1.000000,4666,606277646,606277646
RPw7GT,1.013962,4368,571148474,563283734
SEJWmw,1.000000,4666,606277646,606277646
RPw7GT,1.018616,4378,573770054,563283734
SEJWmw,1.000000,4666,606277646,606277646
RPw7GT,1.013898,4388,573770054,565905314
SEJWmw,1.000000,4666,606277646,606277646
RPw7GT,1.013898,4388,573770054,565905314
SEJWmw,1.000000,4686,608899226,608899226
RPw7GT,1.013898,4388,573770054,565905314
SEJWmw,1.000000,4686,608899226,608899226
RPw7GT,1.013898,4388,573770054,565905314
SEJWmw,1.000000,4686,608899226,608899226
RPw7GT,1.018530,4398,576391634,565905314
SEJWmw,1.000000,4686,608899226,608899226
RPw7GT,1.018530,4398,576391634,565905314
SEJWmw,1.000000,4686,608899226,608899226
RPw7GT,1.018530,4398,576391634,565905314
SEJWmw,1.000000,4686,608899226,608899226
RPw7GT,1.013834,4408,576391634,568526894
SEJWmw,1.000000,4706,611520806,611520806
RPw7GT,1.013834,4408,576391634,568526894
SEJWmw,1.000000,4706,611520806,611520806
RPw7GT,1.018445,4418,579013214,568526894
SEJWmw,1.000000,4706,611520806,611520806
RPw7GT,1.018445,4418,579013214,568526894
SEJWmw,1.000000,4706,611520806,611520806
RPw7GT,1.013770,4428,579013214,571148474
SEJWmw,1.000000,4706,611520806,611520806
RPw7GT,1.013770,4428,579013214,571148474
SEJWmw,1.004287,4716,614142386,611520806
RPw7GT,1.018360,4438,581634794,571148474
SEJWmw,1.000000,4726,614142386,614142386
RPw7GT,1.018360,4438,581634794,571148474
SEJWmw,1.000000,4726,614142386,614142386
RPw7GT,1.018360,4438,581634794,571148474
SEJWmw,1.000000,4726,614142386,614142386
RPw7GT,1.013707,4448,581634794,573770054
SEJWmw,1.000000,4786,622007126,622007126
RPw7GT,1.019743,4542,595791326,584256374
SEJWmw,1.004128,4896,637736606,635115026
RPw7GT,1.017011,4665,611258648,601034486
SEJWmw,1.006424,5038,657136298,652941770
RPw7GT,1.015341,4770,624628706,615191018
SEJWmw,1.005867,5169,674176568,670244198
RPw7GT,1.012115,4857,635115026,627512444
SEJWmw,1.000000,5262,684400730,684400730
RPw7GT,1.012712,4949,647436452,639309554
SEJWmw,1.007165,5363,700130210,695149208
RPw7GT,1.013701,5038,659495720,650582348
SEJWmw,1.004443,5454,711140846,707994950
RPw7GT,1.009114,5111,667622618,661592984
SEJWmw,1.000000,5542,721102850,721102850
RPw7GT,1.009759,5189,678108938,671554988
SEJWmw,1.000000,5650,735259382,735259382
RPw7GT,1.013044,5288,692265470,683352098
SEJWmw,0.999299,5746,747580808,748105124
RPw7GT,1.012464,5369,702751790,694100576
SEJWmw,0.996557,5840,758853602,761475182
RPw7GT,1.011150,5452,713238110,705373370
SEJWmw,0.994923,5935,770650712,774583082
RPw7GT,1.010986,5532,723724430,715859690
SEJWmw,0.996665,6028,783496454,786118034
RPw7GT,1.010106,5610,733686434,726346010
SEJWmw,0.992798,6128,795031406,800798882
RPw7GT,1.012827,5690,745221386,735783698
SEJWmw,0.990987,6226,807090674,814431098
RPw7GT,1.010546,5760,753610442,745745702
SEJWmw,0.991113,6314,818625626,825966050
RPw7GT,1.005531,5842,762523814,758329286
SEJWmw,0.989999,6408,830422736,838811792
RPw7GT,1.006468,5935,775107398,770126396
SEJWmw,0.992907,6503,844054952,850084586
RPw7GT,1.004354,6025,786118034,782709980
SEJWmw,0.990889,6596,855327746,863192486
RPw7GT,1.003302,6108,796604354,793982774
SEJWmw,0.990415,6686,866862698,875251754
RPw7GT,1.005219,6188,807877148,803682620
SEJWmw,0.992314,6780,879970598,886786706
RPw7GT,1.005162,6256,816790520,812595992
SEJWmw,0.988327,6854,887835338,898321658
RPw7GT,1.000000,6326,823868786,823868786
SEJWmw,0.991918,6942,900943238,908283662
RPw7GT,1.000314,6407,834617264,834355106
SEJWmw,0.992843,7021,911429558,917999608
RPw7GT,1.000623,6468,842744162,842219846
SEJWmw,0.988671,7066,915115870,925602190
RPw7GT,1.000000,6486,844841426,844841426
SEJWmw,0.988671,7066,915115870,925602190
RPw7GT,1.000000,6486,844841426,844841426
SEJWmw,0.988671,7066,915115870,925602190
RPw7GT,1.000000,6486,844841426,844841426
SEJWmw,0.988703,7086,917737450,928223770
RPw7GT,1.000000,6486,844841426,844841426
SEJWmw,0.988703,7086,917737450,928223770
RPw7GT,1.003103,6496,847463006,844841426
SEJWmw,0.985918,7096,917737450,930845350
RPw7GT,1.000000,6506,847463006,847463006
SEJWmw,0.985918,7096,917737450,930845350
RPw7GT,1.000000,6506,847463006,847463006
SEJWmw,0.988735,7106,920359030,930845350
RPw7GT,1.003093,6516,850084586,847463006
SEJWmw,0.988735,7106,920359030,930845350
RPw7GT,1.003093,6516,850084586,847463006
SEJWmw,0.988735,7106,920359030,930845350
RPw7GT,1.003093,6516,850084586,847463006
SEJWmw,0.988735,7106,920359030,930845350
RPw7GT,1.000000,6526,850084586,850084586
SEJWmw,0.988735,7106,920359030,930845350
RPw7GT,1.000000,6526,850084586,850084586
SEJWmw,0.988766,7126,922980610,933466930
RPw7GT,1.003084,6536,852706166,850084586
SEJWmw,0.988766,7126,922980610,933466930
RPw7GT,1.003084,6536,852706166,850084586
SEJWmw,0.988766,7126,922980610,933466930
RPw7GT,1.003084,6536,852706166,850084586
SEJWmw,0.988766,7126,922980610,933466930
RPw7GT,1.003084,6536,852706166,850084586
SEJWmw,0.988766,7126,922980610,933466930
RPw7GT,1.000000,6546,852706166,852706166
SEJWmw,0.988766,7126,922980610,933466930
RPw7GT,1.000000,6546,852706166,852706166
SEJWmw,0.988798,7146,925602190,936088510
RPw7GT,1.000000,6546,852706166,852706166
SEJWmw,0.988798,7146,925602190,936088510
RPw7GT,1.003074,6556,855327746,852706166
SEJWmw,0.988798,7146,925602190,936088510
RPw7GT,1.003074,6556,855327746,852706166
SEJWmw,0.988798,7146,925602190,936088510
RPw7GT,1.000000,6566,855327746,855327746
SEJWmw,0.988798,7146,925602190,936088510
RPw7GT,1.000000,6566,855327746,855327746
SEJWmw,0.988829,7166,928223770,938710090
RPw7GT,1.000000,6566,855327746,855327746
SEJWmw,0.988829,7166,928223770,938710090
RPw7GT,1.003065,6576,857949326,855327746
SEJWmw,0.988829,7166,928223770,938710090
RPw7GT,1.003065,6576,857949326,855327746
SEJWmw,0.988368,7224,935564194,946574830
RPw7GT,1.003923,6681,872105858,868697804
SEJWmw,0.988834,7347,951817990,962566468
RPw7GT,1.006539,6792,887835338,882067862
SEJWmw,0.989290,7474,968596102,979082422
RPw7GT,1.003220,6885,898583816,895700078
SEJWmw,0.987846,7568,980131054,992190322
RPw7GT,1.002885,6984,911429558,908807978
SEJWmw,0.992479,7647,992714638,1000237860
RPw7GT,1.004000,7058,921145504,917475292
SEJWmw,1.000000,7676,1000237860,1000237860
RPw7GT,1.006182,7184,938710090,932942614
SEJWmw,1.000000,7676,1000237860,1000237860
RPw7GT,1.005524,7306,954439570,949196410
SEJWmw,1.000000,7676,1000237860,1000237860
RPw7GT,1.002985,7425,968858260,965974522
SEJWmw,1.000000,7676,1000237860,1000237860
RPw7GT,1.004278,7540,984587740,980393212
SEJWmw,1.000000,7676,1000237860,1000237860
RPw7GT,1.003603,7662,1000237860,996647008
SEJWmw,1.000000,7676,1000237860,1000237860
