id,debt_ratio,exchanges,bytes_sent,bytes_received
RF8se6,0.000000,19,0,2181994
ak6i1L,0.743807,69,5327890,7162996
RF8se6,0.715599,142,13192630,18435790
ak6i1L,1.000000,202,23678950,23678950
RF8se6,0.846535,262,28922110,34165270
ak6i1L,1.000000,322,39408430,39408430
RF8se6,0.863169,389,44651590,51729856
ak6i1L,0.984796,413,50943382,51729856
RF8se6,0.877212,480,56186542,64051282
ak6i1L,1.024558,516,65624230,64051282
RF8se6,0.864384,585,68507968,79256446
ak6i1L,1.035171,600,77159182,74537602
RF8se6,0.880926,669,79518604,90267082
ak6i1L,1.000000,710,90267082,90267082
RF8se6,0.896993,758,91315714,101802034
ak6i1L,0.979814,806,101802034,103899298
RF8se6,0.892455,866,104423614,117007198
ak6i1L,1.000000,918,117531514,117531514
RF8se6,0.905112,965,117531514,129852940
ak6i1L,1.020478,1008,130639414,128017834
RF8se6,0.917343,1042,128017834,139552786
ak6i1L,1.038290,1086,142174366,136931206
RF8se6,0.896964,1126,136931206,152660686
ak6i1L,1.034945,1186,155282266,150039106
RF8se6,0.920927,1236,152660686,165768586
ak6i1L,1.024065,1283,167341534,163409164
RF8se6,0.926721,1336,165768586,178876486
ak6i1L,1.011899,1374,178352170,176254906
RF8se6,0.924615,1400,173633326,187789858
ak6i1L,1.005778,1410,182546698,181498066
RF8se6,0.925653,1420,176254906,190411438
ak6i1L,1.005778,1410,182546698,181498066
RF8se6,0.925653,1420,176254906,190411438
ak6i1L,1.005778,1410,182546698,181498066
RF8se6,0.925653,1420,176254906,190411438
ak6i1L,1.000000,1414,182546698,182546698
RF8se6,0.939421,1430,178876486,190411438
ak6i1L,1.000000,1414,182546698,182546698
RF8se6,0.939421,1430,178876486,190411438
ak6i1L,1.000000,1414,182546698,182546698
RF8se6,0.939421,1430,178876486,190411438
ak6i1L,1.014361,1424,185168278,182546698
RF8se6,0.939421,1430,178876486,190411438
ak6i1L,1.014361,1424,185168278,182546698
RF8se6,0.939421,1430,178876486,190411438
ak6i1L,1.014361,1424,185168278,182546698
RF8se6,0.926663,1440,178876486,193033018
ak6i1L,1.014361,1424,185168278,182546698
RF8se6,0.926663,1440,178876486,193033018
ak6i1L,1.014361,1424,185168278,182546698
RF8se6,0.926663,1440,178876486,193033018
ak6i1L,1.000000,1434,185168278,185168278
RF8se6,0.926663,1440,178876486,193033018
ak6i1L,1.000000,1434,185168278,185168278
RF8se6,0.940244,1450,181498066,193033018
ak6i1L,1.014158,1444,187789858,185168278
RF8se6,0.927645,1460,181498066,195654598
ak6i1L,1.012374,1485,193033018,190673596
RF8se6,0.932854,1547,193033018,206927392
ak6i1L,1.008868,1607,208762498,206927392
RF8se6,0.934297,1670,208762498,223443346
ak6i1L,1.011816,1724,224491978,221870398
RF8se6,0.951666,1798,227113558,238648510
ak6i1L,1.000000,1842,238648510,238648510
RF8se6,0.928595,1912,238648510,256999570
ak6i1L,0.997909,1932,250183462,250707778
RF8se6,0.937520,2006,251756410,268534522
ak6i1L,1.000000,2022,262242730,262242730
RF8se6,0.935594,2095,262767046,280855948
ak6i1L,1.013457,2116,276399262,272729050
RF8se6,0.946635,2210,279020842,294750322
ak6i1L,1.015765,2195,287147740,282691054
RF8se6,0.944412,2295,289507162,306547432
ak6i1L,1.017788,2290,299993482,294750322
RF8se6,0.947469,2394,302615062,319393174
ak6i1L,1.013695,2374,310479802,306285274
RF8se6,0.948751,2493,315460804,332501074
ak6i1L,1.022982,2486,326733598,319393174
RF8se6,0.945468,2590,327257914,346133290
ak6i1L,1.020500,2584,339317182,332501074
RF8se6,0.948842,2688,340365814,358716874
ak6i1L,1.015171,2678,350852134,345608974
RF8se6,0.961765,2792,356095294,370251826
ak6i1L,1.017540,2782,365008666,358716874
RF8se6,0.958687,2866,365008666,380738146
ak6i1L,1.021242,2876,378116566,370251826
RF8se6,0.952074,2954,374970670,393846046
ak6i1L,1.015065,2964,388602886,382835410
RF8se6,0.947584,3031,383884042,405118840
ak6i1L,1.026804,3046,401710786,391224466
RF8se6,0.947047,3110,393846046,415867318
ak6i1L,1.028715,3130,413245738,401710786
RF8se6,0.936443,3190,401710786,428975218
ak6i1L,1.032560,3205,423994216,410624158
RF8se6,0.941188,3256,411148474,436839958
ak6i1L,1.037999,3293,436839958,420848320
RF8se6,0.942533,3334,421372636,447064120
ak6i1L,1.037705,3372,447326278,431072482
RF8se6,0.946388,3419,431858956,456323270
ak6i1L,1.038179,3438,456239650,439461538
RF8se6,0.941415,3488,439461538,466809590
ak6i1L,1.042333,3520,466809590,447850594
RF8se6,0.939956,3563,448637068,477295910
ak6i1L,1.051101,3613,479917490,456585428
RF8se6,0.939268,3649,458158376,487782230
ak6i1L,1.048189,3696,490403810,467858222
RF8se6,0.939335,3717,466809590,496957760
ak6i1L,1.052729,3778,502463078,477295910
RF8se6,0.944492,3789,477295910,505346816
ak6i1L,1.060732,3875,517406084,487782230
RF8se6,0.945223,3876,488568704,516881768
ak6i1L,1.059980,3956,528154562,498268550
RF8se6,0.947281,3956,499317182,527105930
ak6i1L,1.066850,4060,543884042,509803502
RF8se6,0.942777,4013,505346816,536019302
ak6i1L,1.067689,4134,554108204,518979032
RF8se6,0.946702,4095,516881768,545981306
ak6i1L,1.074307,4228,568526894,529203194
RF8se6,0.947756,4179,527892404,556991942
ak6i1L,1.073101,4323,581110478,541524620
RF8se6,0.947189,4244,536019302,565905314
ak6i1L,1.077632,4403,593169746,550437992
RF8se6,0.948133,4285,541524620,571148474
ak6i1L,1.077408,4442,598412906,555418994
RF8se6,0.946156,4378,552797414,584256374
ak6i1L,1.084456,4582,619385546,571148474
RF8se6,0.949838,4472,565905314,595791326
ak6i1L,1.087049,4692,635115026,584256374
RF8se6,0.950700,4591,581372636,611520806
ak6i1L,1.086894,4796,649271558,597364274
RF8se6,0.946921,4699,593956220,627250286
ak6i1L,1.088300,4889,662379458,608637068
RF8se6,0.949229,4763,602869592,635115026
ak6i1L,1.090769,4970,674176568,618074756
RF8se6,0.953595,4840,614142386,644028398
ak6i1L,1.091113,5044,684400730,627250286
RF8se6,0.954155,4900,622007126,651893138
ak6i1L,1.090357,5084,689643890,632493446
RF8se6,0.957791,4911,624628706,652155296
ak6i1L,1.094112,5114,694887050,635115026
RF8se6,0.958344,4930,627250286,654514718
ak6i1L,1.092759,5117,694887050,635901500
RF8se6,0.958494,4948,629609708,656874140
ak6i1L,1.093276,5135,697508630,637998764
RF8se6,0.958675,4970,632493446,659757878
ak6i1L,1.096034,5148,700130210,638785238
RF8se6,0.958675,4970,632493446,659757878
ak6i1L,1.091554,5158,700130210,641406818
RF8se6,0.958675,4970,632493446,659757878
ak6i1L,1.091554,5158,700130210,641406818
RF8se6,0.958692,4972,632755604,660020036
ak6i1L,1.093407,5173,702751790,642717608
RF8se6,0.958839,4990,635115026,662379458
ak6i1L,1.091181,5178,702751790,644028398
RF8se6,0.959001,5010,637736606,665001038
ak6i1L,1.095252,5188,705373370,644028398
RF8se6,0.959001,5010,637736606,665001038
ak6i1L,1.090812,5198,705373370,646649978
RF8se6,0.959001,5010,637736606,665001038
ak6i1L,1.090812,5198,705373370,646649978
RF8se6,0.956806,5024,638785238,667622618
ak6i1L,1.090445,5218,707994950,649271558
RF8se6,0.956806,5024,638785238,667622618
ak6i1L,1.090445,5218,707994950,649271558
RF8se6,0.959555,5031,640620344,667622618
ak6i1L,1.094483,5228,710616530,649271558
RF8se6,0.960355,5035,641406818,667884776
ak6i1L,1.090520,5237,710616530,651630980
RF8se6,0.960886,5054,644028398,670244198
ak6i1L,1.094103,5248,713238110,651893138
RF8se6,0.960886,5054,644028398,670244198
ak6i1L,1.089721,5258,713238110,654514718
RF8se6,0.957142,5064,644028398,672865778
ak6i1L,1.089721,5258,713238110,654514718
RF8se6,0.961039,5074,646649978,672865778
ak6i1L,1.093726,5268,715859690,654514718
RF8se6,0.961039,5074,646649978,672865778
ak6i1L,1.093726,5268,715859690,654514718
RF8se6,0.961039,5074,646649978,672865778
ak6i1L,1.093352,5288,718481270,657136298
RF8se6,0.961190,5094,649271558,675487358
ak6i1L,1.093352,5288,718481270,657136298
RF8se6,0.965071,5104,651893138,675487358
ak6i1L,1.097341,5298,721102850,657136298
RF8se6,0.961340,5114,651893138,678108938
ak6i1L,1.092981,5308,721102850,659757878
RF8se6,0.961340,5114,651893138,678108938
ak6i1L,1.096955,5318,723724430,659757878
RF8se6,0.961489,5134,654514718,680730518
ak6i1L,1.097517,5332,725821694,661330826
RF8se6,0.961636,5154,657136298,683352098
ak6i1L,1.096571,5338,726346010,662379458
RF8se6,0.961636,5154,657136298,683352098
ak6i1L,1.096571,5338,726346010,662379458
RF8se6,0.961312,5161,657922772,684400730
ak6i1L,1.096979,5360,729491906,665001038
RF8se6,0.960315,5178,659757878,687022310
ak6i1L,1.097767,5362,730016222,665001038
RF8se6,0.960315,5178,659757878,687022310
ak6i1L,1.093456,5372,730016222,667622618
RF8se6,0.960315,5178,659757878,687022310
ak6i1L,1.095420,5377,731327012,667622618
RF8se6,0.960466,5198,662379458,689643890
ak6i1L,1.097383,5382,732637802,667622618
RF8se6,0.960466,5198,662379458,689643890
ak6i1L,1.093091,5392,732637802,670244198
RF8se6,0.960466,5198,662379458,689643890
ak6i1L,1.093091,5392,732637802,670244198
RF8se6,0.960466,5198,662379458,689643890
ak6i1L,1.092728,5412,735259382,672865778
RF8se6,0.960616,5218,665001038,692265470
ak6i1L,1.096624,5422,737880962,672865778
RF8se6,0.960252,5219,665001038,692527628
ak6i1L,1.092368,5432,737880962,675487358
RF8se6,0.960010,5236,667098302,694887050
ak6i1L,1.096249,5442,740502542,675487358
RF8se6,0.960764,5238,667622618,694887050
ak6i1L,1.092011,5452,740502542,678108938
RF8se6,0.957153,5248,667622618,697508630
ak6i1L,1.093171,5455,741289016,678108938
RF8se6,0.960912,5258,670244198,697508630
ak6i1L,1.095031,5464,743124122,678633254
RF8se6,0.957314,5268,670244198,700130210
ak6i1L,1.091657,5472,743124122,680730518
RF8se6,0.958063,5270,670768514,700130210
ak6i1L,1.095508,5482,745745702,680730518
RF8se6,0.961058,5278,672865778,700130210
ak6i1L,1.091305,5492,745745702,683352098
RF8se6,0.962696,5302,676535990,702751790
ak6i1L,1.096554,5556,756232022,689643890
RF8se6,0.956054,5382,684400730,715859690
ak6i1L,1.100088,5643,769339922,699343736
RF8se6,0.957411,5464,695411366,726346010
ak6i1L,1.098501,5729,780612716,710616530
RF8se6,0.957011,5549,706159844,737880962
ak6i1L,1.099868,5823,793982774,721889324
RF8se6,0.959364,5634,717956954,748367282
ak6i1L,1.103598,5909,807090674,731327012
RF8se6,0.959440,5693,725559536,756232022
ak6i1L,1.107220,5976,817576994,738405278
RF8se6,0.960105,5740,731851328,762261656
ak6i1L,1.108274,6038,826490366,745745702
RF8se6,0.959248,5810,740502542,771961502
ak6i1L,1.108595,6060,829636262,748367282
RF8se6,0.961078,5835,744434912,774583082
ak6i1L,1.104496,6143,839598266,760164392
RF8se6,0.962762,5944,759115760,788477456
ak6i1L,1.105009,6275,857949326,776418188
RF8se6,0.962850,6064,774583082,804469094
ak6i1L,1.104961,6378,872105858,789263930
RF8se6,0.964841,6188,791361194,820198574
ak6i1L,1.103246,6478,885213758,802371830
RF8se6,0.963041,6255,799225934,829898420
ak6i1L,1.103005,6574,898321658,814431098
RF8se6,0.965610,6328,809712254,838549634
ak6i1L,1.108396,6654,911429558,822295838
RF8se6,0.966067,6414,820985048,849822428
ak6i1L,1.108412,6734,922194136,831995684
RF8se6,0.964946,6487,829898420,860046590
ak6i1L,1.106275,6822,933466930,843792794
RF8se6,0.965628,6560,839598266,869484278
ak6i1L,1.110083,6906,946574830,852706166
RF8se6,0.966832,6623,848249480,877349018
ak6i1L,1.113336,6999,960731362,862930328
RF8se6,0.967862,6715,860570906,889146128
ak6i1L,1.114308,7091,973839262,873940964
RF8se6,0.964801,6795,869484278,901205396
ak6i1L,1.113187,7157,982490476,882592178
RF8se6,0.963758,6868,878397650,911429558
ak6i1L,1.116555,7253,997171324,893078498
RF8se6,0.966675,6951,890194760,920883346
ak6i1L,1.105067,7311,1000237860,905137766
RF8se6,0.965720,7042,901467554,933466930
ak6i1L,1.089895,7361,1000237860,917737450
RF8se6,0.965696,7150,915115870,947623462
ak6i1L,1.068529,7431,1000237860,936088510
RF8se6,0.964895,7265,929534560,963352942
ak6i1L,1.045114,7511,1000237860,957061150
RF8se6,0.967074,7393,947099146,979344580
ak6i1L,1.027108,7575,1000237860,973839262
RF8se6,0.967934,7532,965450206,997433482
ak6i1L,1.009444,7640,1000237860,990879532
RF8se6,0.978325,7593,978558106,1000237860
ak6i1L,1.000000,7676,1000237860,1000237860
