id,debt_ratio,exchanges,bytes_sent,bytes_received
UTXa2B,0.000000,0,0,0
PnC32t,2.631512,77,10571050,4017100
UTXa2B,0.980516,123,13192630,13454788
PnC32t,1.348592,210,28397794,21057370
UTXa2B,1.000000,242,28922110,28922110
PnC32t,1.296977,323,44651590,34427428
UTXa2B,1.057365,380,48321802,45700222
PnC32t,1.162758,420,56186542,48321802
UTXa2B,1.026988,472,59856754,58283806
PnC32t,1.134012,515,68770126,60643228
UTXa2B,1.075665,570,74537602,69294442
PnC32t,1.105514,620,82402342,74537602
UTXa2B,1.063629,670,87645502,82402342
PnC32t,1.098744,744,99180454,90267082
UTXa2B,1.027150,768,99180454,96558874
PnC32t,1.103007,838,112288354,101802034
UTXa2B,1.023905,868,112288354,109666774
PnC32t,1.090841,919,122774674,112550512
UTXa2B,1.026297,946,122774674,119628778
PnC32t,1.074639,1022,135882574,126444886
UTXa2B,1.001933,1057,135882574,135620416
PnC32t,1.056357,1116,147417526,139552786
UTXa2B,1.018105,1136,147417526,144795946
PnC32t,1.053235,1217,160787584,152660686
UTXa2B,1.016602,1236,160525426,157903846
PnC32t,1.053284,1293,171011746,162360532
UTXa2B,1.031137,1326,173633326,168390166
PnC32t,1.037240,1389,182546698,175992748
UTXa2B,1.029141,1414,185168278,179925118
PnC32t,1.049412,1473,194868124,185692594
UTXa2B,1.042273,1519,200373442,192246544
PnC32t,1.027404,1575,206403076,200897758
UTXa2B,1.037356,1603,211121920,203519338
PnC32t,1.037206,1664,219248818,211384078
UTXa2B,1.032954,1687,221870398,214792132
PnC32t,1.034065,1753,230783770,223181188
UTXa2B,1.028561,1797,236026930,229472980
PnC32t,1.027923,1837,241270090,234716140
UTXa2B,1.010749,1892,246513250,243891670
PnC32t,1.021045,1942,254377990,249134830
UTXa2B,1.007155,1985,258310360,256475254
PnC32t,1.030293,2032,267485890,259621150
UTXa2B,1.009801,2072,270107470,267485890
PnC32t,1.012365,2137,279020842,275612788
UTXa2B,1.009308,2180,284264002,281642422
PnC32t,1.018111,2250,294750322,289507162
UTXa2B,1.017948,2270,297371902,292128742
PnC32t,1.008663,2340,305236642,302615062
UTXa2B,1.017177,2370,310479802,305236642
PnC32t,1.008373,2420,315722962,313101382
UTXa2B,1.018237,2456,322014754,316247278
PnC32t,1.016151,2518,329879494,324636334
UTXa2B,1.016151,2518,329879494,324636334
PnC32t,1.014170,2580,337744234,333025390
UTXa2B,1.013972,2616,342463078,337744234
PnC32t,1.007528,2688,350852134,348230554
UTXa2B,1.019574,2704,355046662,348230554
PnC32t,1.013155,2776,363435718,358716874
UTXa2B,1.017540,2782,365008666,358716874
PnC32t,1.013539,2847,372873406,367892404
UTXa2B,1.016320,2863,375494986,369465352
PnC32t,1.013771,2946,385981306,380738146
UTXa2B,1.010223,2971,388602886,384670516
PnC32t,1.013313,3046,399089206,393846046
UTXa2B,1.009154,3094,404594524,400924312
PnC32t,1.019153,3184,418488898,410624158
UTXa2B,1.012608,3214,421110478,415867318
PnC32t,1.017821,3305,434218378,426615796
UTXa2B,1.012223,3314,434218378,428975218
PnC32t,1.013124,3396,445229014,439461538
UTXa2B,1.004738,3406,444704698,442607434
PnC32t,1.013983,3478,456239650,449947858
UTXa2B,1.002304,3498,456239650,455191018
PnC32t,1.011359,3582,466809590,461566430
UTXa2B,1.005648,3592,466809590,464188010
PnC32t,1.016661,3672,479917490,472052750
UTXa2B,1.005463,3712,482539070,479917490
PnC32t,1.018372,3776,494074022,485160650
UTXa2B,1.005317,3812,495646970,493025390
PnC32t,1.017983,3856,504560342,495646970
UTXa2B,1.005223,3880,504560342,501938762
PnC32t,1.010285,3950,515046662,509803502
UTXa2B,1.010804,3949,515046662,509541344
PnC32t,1.019841,4011,525532982,515308820
UTXa2B,1.018315,4008,524746508,515308820
PnC32t,1.015979,4078,533397722,525008666
UTXa2B,1.017547,4065,532086932,522911402
PnC32t,1.010739,4160,542835410,537067934
UTXa2B,1.014891,4100,536019302,528154562
PnC32t,1.009734,4170,543884042,538640882
UTXa2B,1.014891,4100,536019302,528154562
PnC32t,1.009687,4190,546505622,541262462
UTXa2B,1.014817,4120,538640882,530776142
PnC32t,1.009687,4190,546505622,541262462
UTXa2B,1.014817,4120,538640882,530776142
PnC32t,1.009687,4190,546505622,541262462
UTXa2B,1.014817,4120,538640882,530776142
PnC32t,1.011624,4194,547554254,541262462
UTXa2B,1.014817,4120,538640882,530776142
PnC32t,1.011624,4194,547554254,541262462
UTXa2B,1.014817,4120,538640882,530776142
PnC32t,1.011624,4194,547554254,541262462
UTXa2B,1.019757,4130,541262462,530776142
PnC32t,1.006748,4204,547554254,543884042
UTXa2B,1.014745,4140,541262462,533397722
PnC32t,1.006748,4204,547554254,543884042
UTXa2B,1.014745,4140,541262462,533397722
PnC32t,1.006748,4204,547554254,543884042
UTXa2B,1.014745,4140,541262462,533397722
PnC32t,1.011568,4214,550175834,543884042
UTXa2B,1.014745,4140,541262462,533397722
PnC32t,1.011568,4214,550175834,543884042
UTXa2B,1.014745,4140,541262462,533397722
PnC32t,1.011568,4214,550175834,543884042
UTXa2B,1.014745,4140,541262462,533397722
PnC32t,1.011568,4214,550175834,543884042
UTXa2B,1.019659,4150,543884042,533397722
PnC32t,1.006716,4224,550175834,546505622
UTXa2B,1.019659,4150,543884042,533397722
PnC32t,1.006716,4224,550175834,546505622
UTXa2B,1.014672,4160,543884042,536019302
PnC32t,1.006716,4224,550175834,546505622
UTXa2B,1.014672,4160,543884042,536019302
PnC32t,1.006716,4224,550175834,546505622
UTXa2B,1.014672,4160,543884042,536019302
PnC32t,1.006716,4224,550175834,546505622
UTXa2B,1.014672,4160,543884042,536019302
PnC32t,1.011513,4234,552797414,546505622
UTXa2B,1.014672,4160,543884042,536019302
PnC32t,1.011513,4234,552797414,546505622
UTXa2B,1.014672,4160,543884042,536019302
PnC32t,1.009576,4238,552797414,547554254
UTXa2B,1.014672,4160,543884042,536019302
PnC32t,1.009576,4238,552797414,547554254
UTXa2B,1.019563,4170,546505622,536019302
PnC32t,1.009576,4238,552797414,547554254
UTXa2B,1.014601,4180,546505622,538640882
PnC32t,1.009576,4238,552797414,547554254
UTXa2B,1.014601,4180,546505622,538640882
PnC32t,1.014363,4248,555418994,547554254
UTXa2B,1.014601,4180,546505622,538640882
PnC32t,1.014363,4248,555418994,547554254
UTXa2B,1.014601,4180,546505622,538640882
PnC32t,1.014363,4248,555418994,547554254
UTXa2B,1.014601,4180,546505622,538640882
PnC32t,1.014363,4248,555418994,547554254
UTXa2B,1.014601,4180,546505622,538640882
PnC32t,1.009530,4258,555418994,550175834
UTXa2B,1.016548,4184,547554254,538640882
PnC32t,1.009530,4258,555418994,550175834
UTXa2B,1.016548,4184,547554254,538640882
PnC32t,1.009530,4258,555418994,550175834
UTXa2B,1.016548,4184,547554254,538640882
PnC32t,1.009530,4258,555418994,550175834
UTXa2B,1.011624,4194,547554254,541262462
PnC32t,1.009530,4258,555418994,550175834
UTXa2B,1.011624,4194,547554254,541262462
PnC32t,1.009530,4258,555418994,550175834
UTXa2B,1.011624,4194,547554254,541262462
PnC32t,1.014295,4268,558040574,550175834
UTXa2B,1.011624,4194,547554254,541262462
PnC32t,1.014295,4268,558040574,550175834
UTXa2B,1.011624,4194,547554254,541262462
PnC32t,1.009485,4278,558040574,552797414
UTXa2B,1.016468,4204,550175834,541262462
PnC32t,1.009485,4278,558040574,552797414
UTXa2B,1.016468,4204,550175834,541262462
PnC32t,1.009485,4278,558040574,552797414
UTXa2B,1.016468,4204,550175834,541262462
PnC32t,1.009485,4278,558040574,552797414
UTXa2B,1.011568,4214,550175834,543884042
PnC32t,1.009485,4278,558040574,552797414
UTXa2B,1.011568,4214,550175834,543884042
PnC32t,1.014227,4288,560662154,552797414
UTXa2B,1.011568,4214,550175834,543884042
PnC32t,1.014227,4288,560662154,552797414
UTXa2B,1.011568,4214,550175834,543884042
PnC32t,1.014227,4288,560662154,552797414
UTXa2B,1.011568,4214,550175834,543884042
PnC32t,1.014028,4348,568526894,560662154
UTXa2B,1.011772,4313,563283734,556729784
PnC32t,1.008179,4460,581634794,576915950
UTXa2B,1.009643,4417,576391634,570886316
PnC32t,1.003971,4583,596577800,594218378
UTXa2B,1.009427,4517,589499534,583994216
PnC32t,1.000000,4666,606277646,606277646
UTXa2B,1.009758,4572,596839958,591072482
PnC32t,0.995771,4760,617288282,619909862
UTXa2B,1.008746,4634,604704698,599461538
PnC32t,0.993808,4871,631182656,635115026
UTXa2B,1.004287,4716,614142386,611520806
PnC32t,0.992697,4952,641406818,646125662
UTXa2B,1.004224,4786,623317916,620696336
PnC32t,0.994820,5047,654514718,657922772
UTXa2B,1.007905,4867,635115026,630134024
PnC32t,1.003927,5144,670244198,667622618
UTXa2B,1.005313,4947,644814872,641406818
PnC32t,1.000000,5234,680730518,680730518
UTXa2B,1.008043,5034,657136298,651893138
PnC32t,1.001511,5338,694887050,693838418
UTXa2B,1.007916,5114,667622618,662379458
PnC32t,0.997408,5435,706159844,707994950
UTXa2B,1.010520,5201,679944044,672865778
PnC32t,0.996716,5513,716121848,718481270
UTXa2B,1.010758,5274,689643890,682303466
PnC32t,1.000000,5610,730016222,730016222
UTXa2B,1.011361,5352,700130210,692265470
PnC32t,1.000000,5710,743124122,743124122
UTXa2B,1.010814,5433,710616530,703013948
PnC32t,1.002084,5804,756232022,754659074
UTXa2B,1.009924,5509,720316376,713238110
PnC32t,1.000000,5890,766718342,766718342
UTXa2B,1.011993,5577,730016222,721365008
PnC32t,1.005746,5975,780088400,775631714
UTXa2B,1.012166,5664,741551174,732637802
PnC32t,1.003335,6048,788739614,786118034
UTXa2B,1.014111,5750,753610442,743124122
PnC32t,1.004598,6144,801847514,798177302
UTXa2B,1.013219,5828,763572446,753610442
PnC32t,1.003227,6248,814955414,812333834
UTXa2B,1.013358,5919,775631714,765407552
PnC32t,1.003172,6356,829111946,826490366
UTXa2B,1.018845,6040,793720616,779039768
PnC32t,1.003113,6476,844841426,842219846
UTXa2B,1.019201,6140,807090674,791885510
PnC32t,1.000611,6586,858211484,857687168
UTXa2B,1.019553,6238,820198574,804469094
PnC32t,1.000000,6694,872105858,872105858
UTXa2B,1.018330,6317,830160578,815217572
PnC32t,0.999406,6776,882592178,883116494
UTXa2B,1.015860,6396,839598266,826490366
PnC32t,0.997664,6882,895700078,897797342
UTXa2B,1.018852,6466,850084586,834355106
PnC32t,0.995679,6969,906186398,910118768
UTXa2B,1.018618,6546,860570906,844841426
PnC32t,0.995165,7059,917213134,921669820
UTXa2B,1.015617,6623,869484278,856114220
PnC32t,0.995222,7143,928223770,932680456
UTXa2B,1.016643,6705,880757072,866338382
PnC32t,0.997223,7236,941331670,943953250
UTXa2B,1.016155,6780,890456918,876300386
PnC32t,0.997253,7316,951817990,954439570
UTXa2B,1.015673,6857,900418922,886524548
PnC32t,0.996745,7406,963352942,966498838
UTXa2B,1.017561,6934,911429558,895700078
PnC32t,1.000537,7498,977247316,976723000
UTXa2B,1.011834,7023,920359030,909594452
PnC32t,0.997351,7584,986947162,989568742
UTXa2B,1.011970,7104,930845350,919834714
PnC32t,1.000000,7676,1000237860,1000237860
UTXa2B,1.011234,7206,943953250,933466930
PnC32t,1.000000,7676,1000237860,1000237860
UTXa2B,1.009390,7320,958109782,949196410
PnC32t,1.000000,7676,1000237860,1000237860
UTXa2B,1.010069,7431,973052788,963352942
PnC32t,1.000000,7676,1000237860,1000237860
UTXa2B,1.008812,7567,990355216,981704002
PnC32t,1.000000,7676,1000237860,1000237860
UTXa2B,1.000000,7676,1000237860,1000237860
PnC32t,1.000000,7676,1000237860,1000237860
