id,debt_ratio,exchanges,bytes_sent,bytes_received
ZaiGUC,0.000000,0,0,0
ZtVqUS,1.000000,78,7425154,7425154
ZaiGUC,0.752004,92,7949470,10571050
ZtVqUS,1.142201,172,21057370,18435790
ZaiGUC,0.900322,212,23678950,26300530
ZtVqUS,1.000000,282,34165270,34165270
ZaiGUC,0.875252,322,36786850,42030010
ZtVqUS,1.000000,410,50943382,50943382
ZaiGUC,0.860024,420,48321802,56186542
ZtVqUS,0.987721,507,63264808,64051282
ZaiGUC,0.879845,522,61429702,69818758
ZtVqUS,0.962753,601,74537602,77421340
ZaiGUC,0.904557,620,74537602,82402342
ZtVqUS,0.970958,700,87645502,90267082
ZaiGUC,0.933021,714,87645502,93937294
ZtVqUS,0.950945,777,96558874,101539876
ZaiGUC,0.921631,806,98656138,107045194
ZtVqUS,0.976653,868,109666774,112288354
ZaiGUC,0.933084,888,109666774,117531514
ZtVqUS,0.979094,968,122774674,125396254
ZaiGUC,0.959044,978,122774674,128017834
ZtVqUS,0.973197,1052,133260994,136931206
ZaiGUC,0.950214,1079,135096100,142174366
ZtVqUS,0.947582,1136,142174366,150039106
ZaiGUC,0.943295,1118,139552786,147941842
ZtVqUS,0.965055,1146,144795946,150039106
ZaiGUC,0.930109,1126,139552786,150039106
ZtVqUS,0.965055,1146,144795946,150039106
ZaiGUC,0.930109,1126,139552786,150039106
ZtVqUS,0.965055,1146,144795946,150039106
ZaiGUC,0.930109,1126,139552786,150039106
ZtVqUS,0.965055,1146,144795946,150039106
ZaiGUC,0.930109,1126,139552786,150039106
ZtVqUS,0.948482,1156,144795946,152660686
ZaiGUC,0.947582,1136,142174366,150039106
ZtVqUS,0.948482,1156,144795946,152660686
ZaiGUC,0.947582,1136,142174366,150039106
ZtVqUS,0.965655,1166,147417526,152660686
ZaiGUC,0.947582,1136,142174366,150039106
ZtVqUS,0.965655,1166,147417526,152660686
ZaiGUC,0.931310,1146,142174366,152660686
ZtVqUS,0.965655,1166,147417526,152660686
ZaiGUC,0.931310,1146,142174366,152660686
ZtVqUS,0.965655,1166,147417526,152660686
ZaiGUC,0.946157,1178,147417526,155806582
ZtVqUS,0.958882,1260,158952478,165768586
ZaiGUC,0.953266,1317,165768586,173895484
ZtVqUS,0.964149,1391,176254906,182808856
ZaiGUC,0.953189,1440,181498066,190411438
ZtVqUS,0.950542,1520,191460070,201422074
ZaiGUC,0.958886,1546,195654598,204043654
ZtVqUS,0.939491,1624,203519338,216627238
ZaiGUC,0.951593,1634,206140918,216627238
ZtVqUS,0.956136,1716,217151554,227113558
ZaiGUC,0.944653,1743,219248818,232094560
ZtVqUS,0.956537,1822,230783770,241270090
ZaiGUC,0.952346,1824,230521612,242056564
ZtVqUS,0.954840,1926,243891670,255426622
ZaiGUC,0.944810,1889,237862036,251756410
ZtVqUS,0.969041,1993,254377990,262504888
ZaiGUC,0.950016,1972,249134830,262242730
ZtVqUS,0.968370,2075,264864310,273515524
ZaiGUC,0.959705,2064,262242730,273253366
ZtVqUS,0.981555,2170,279020842,284264002
ZaiGUC,0.950199,2136,270107470,284264002
ZtVqUS,0.985577,2224,286623424,290817952
ZaiGUC,0.938289,2220,279020842,297371902
ZtVqUS,0.991337,2320,299993482,302615062
ZaiGUC,0.940895,2320,292128742,310479802
ZtVqUS,0.986715,2414,311528434,315722962
ZaiGUC,0.947896,2414,305236642,322014754
ZtVqUS,0.982447,2506,322801228,328568704
ZaiGUC,0.942561,2524,318344542,337744234
ZtVqUS,0.982460,2621,337744234,343773868
ZaiGUC,0.938821,2620,329879494,351376450
ZtVqUS,0.985276,2718,350852134,356095294
ZaiGUC,0.932487,2712,340365814,365008666
ZtVqUS,0.996411,2803,363960034,365270824
ZaiGUC,0.920961,2792,348230554,378116566
ZtVqUS,0.993018,2876,372873406,375494986
ZaiGUC,0.912217,2875,356881768,391224466
ZtVqUS,0.987095,2947,381000304,385981306
ZaiGUC,0.905704,2972,367630246,405905314
ZtVqUS,0.980950,3037,391486624,399089206
ZaiGUC,0.904631,3037,375494986,415080844
ZtVqUS,0.991004,3120,404332366,408002578
ZaiGUC,0.905308,3120,385981306,426353638
ZtVqUS,0.996255,3220,418488898,420061846
ZaiGUC,0.908132,3220,399089206,439461538
ZtVqUS,0.998787,3316,431596798,432121114
ZaiGUC,0.907198,3289,407478262,449161384
ZtVqUS,1.003552,3406,444442540,442869592
ZaiGUC,0.915990,3363,417964582,456298184
ZtVqUS,1.005793,3484,455191018,452569438
ZaiGUC,0.909352,3450,426877954,469431170
ZtVqUS,1.005112,3571,463925852,461566430
ZaiGUC,0.906416,3521,435004852,479917490
ZtVqUS,1.002785,3637,472052750,470741960
ZaiGUC,0.904368,3582,442083118,488830862
ZtVqUS,1.010379,3721,484898492,479917490
ZaiGUC,0.904951,3665,452569438,500103656
ZtVqUS,1.007460,3808,495646970,491976758
ZaiGUC,0.901873,3762,462615062,512949398
ZtVqUS,1.010446,3890,507181922,501938762
ZaiGUC,0.899582,3843,472052750,524746508
ZtVqUS,1.011209,3988,520289822,514522346
ZaiGUC,0.904395,3925,483587702,534708512
ZtVqUS,1.019954,4090,536019302,525532982
ZaiGUC,0.910432,4008,495646970,544408358
ZtVqUS,1.018070,4173,546505622,536805776
ZaiGUC,0.910320,4088,505608974,555418994
ZtVqUS,1.020519,4275,560662154,549389360
ZaiGUC,0.911804,4181,517668242,567740420
ZtVqUS,1.019171,4359,571410632,560662154
ZaiGUC,0.910966,4269,528416720,580061846
ZtVqUS,1.022012,4450,584256374,571672790
ZaiGUC,0.912952,4348,538903040,590286008
ZtVqUS,1.017499,4537,594480536,584256374
ZaiGUC,0.914945,4431,549913676,601034486
ZtVqUS,1.017601,4626,606277646,595791326
ZaiGUC,0.917549,4506,560137838,610472174
ZtVqUS,1.021271,4697,616763966,603918224
ZaiGUC,0.917540,4552,565905314,616763966
ZtVqUS,1.017296,4706,616763966,606277646
ZaiGUC,0.917540,4552,565905314,616763966
ZtVqUS,1.021620,4716,619385546,606277646
ZaiGUC,0.917540,4552,565905314,616763966
ZtVqUS,1.021620,4716,619385546,606277646
ZaiGUC,0.917540,4552,565905314,616763966
ZtVqUS,1.021620,4716,619385546,606277646
ZaiGUC,0.917540,4552,565905314,616763966
ZtVqUS,1.021620,4716,619385546,606277646
ZaiGUC,0.917540,4552,565905314,616763966
ZtVqUS,1.021620,4716,619385546,606277646
ZaiGUC,0.917540,4552,565905314,616763966
ZtVqUS,1.017222,4726,619385546,608899226
ZaiGUC,0.917889,4572,568526894,619385546
ZtVqUS,1.017222,4726,619385546,608899226
ZaiGUC,0.917889,4572,568526894,619385546
ZtVqUS,1.021527,4736,622007126,608899226
ZaiGUC,0.917889,4572,568526894,619385546
ZtVqUS,1.021527,4736,622007126,608899226
ZaiGUC,0.917889,4572,568526894,619385546
ZtVqUS,1.021527,4736,622007126,608899226
ZaiGUC,0.917889,4572,568526894,619385546
ZtVqUS,1.021527,4736,622007126,608899226
ZaiGUC,0.917889,4572,568526894,619385546
ZtVqUS,1.017148,4746,622007126,611520806
ZaiGUC,0.917958,4576,569051210,619909862
ZtVqUS,1.021435,4756,624628706,611520806
ZaiGUC,0.918235,4592,571148474,622007126
ZtVqUS,1.021435,4756,624628706,611520806
ZaiGUC,0.918235,4592,571148474,622007126
ZtVqUS,1.021435,4756,624628706,611520806
ZaiGUC,0.918235,4592,571148474,622007126
ZtVqUS,1.017075,4766,624628706,614142386
ZaiGUC,0.918235,4592,571148474,622007126
ZtVqUS,1.017075,4766,624628706,614142386
ZaiGUC,0.918578,4612,573770054,624628706
ZtVqUS,1.021343,4776,627250286,614142386
ZaiGUC,0.918578,4612,573770054,624628706
ZtVqUS,1.021343,4776,627250286,614142386
ZaiGUC,0.918578,4612,573770054,624628706
ZtVqUS,1.021343,4776,627250286,614142386
ZaiGUC,0.918578,4612,573770054,624628706
ZtVqUS,1.021343,4776,627250286,614142386
ZaiGUC,0.918578,4612,573770054,624628706
ZtVqUS,1.017002,4786,627250286,616763966
ZaiGUC,0.918918,4632,576391634,627250286
ZtVqUS,1.021253,4796,629871866,616763966
ZaiGUC,0.918918,4632,576391634,627250286
ZtVqUS,1.021253,4796,629871866,616763966
ZaiGUC,0.918918,4632,576391634,627250286
ZtVqUS,1.021253,4796,629871866,616763966
ZaiGUC,0.918918,4632,576391634,627250286
ZtVqUS,1.021253,4796,629871866,616763966
ZaiGUC,0.918918,4632,576391634,627250286
ZtVqUS,1.021253,4796,629871866,616763966
ZaiGUC,0.919256,4652,579013214,629871866
ZtVqUS,1.016930,4806,629871866,619385546
ZaiGUC,0.919256,4652,579013214,629871866
ZtVqUS,1.016930,4806,629871866,619385546
ZaiGUC,0.919256,4652,579013214,629871866
ZtVqUS,1.021163,4816,632493446,619385546
ZaiGUC,0.919256,4652,579013214,629871866
ZtVqUS,1.021163,4816,632493446,619385546
ZaiGUC,0.919256,4652,579013214,629871866
ZtVqUS,1.021163,4816,632493446,619385546
ZaiGUC,0.919256,4652,579013214,629871866
ZtVqUS,1.021163,4816,632493446,619385546
ZaiGUC,0.919256,4652,579013214,629871866
ZtVqUS,1.016859,4826,632493446,622007126
ZaiGUC,0.919256,4652,579013214,629871866
ZtVqUS,1.016859,4826,632493446,622007126
ZaiGUC,0.923418,4662,581634794,629871866
ZtVqUS,1.016859,4826,632493446,622007126
ZaiGUC,0.919590,4672,581634794,632493446
ZtVqUS,1.016859,4826,632493446,622007126
ZaiGUC,0.919590,4672,581634794,632493446
ZtVqUS,1.021074,4836,635115026,622007126
ZaiGUC,0.919590,4672,581634794,632493446
ZtVqUS,1.016788,4846,635115026,624628706
ZaiGUC,0.919590,4672,581634794,632493446
ZtVqUS,1.016788,4846,635115026,624628706
ZaiGUC,0.920005,4673,581896952,632493446
ZtVqUS,1.020146,4854,637212290,624628706
ZaiGUC,0.920251,4712,586877954,637736606
ZtVqUS,1.020605,4944,649271558,636163658
ZaiGUC,0.925706,4810,601034486,649271558
ZtVqUS,1.026192,5069,667622618,650582348
ZaiGUC,0.925711,4914,614142386,663428090
ZtVqUS,1.023653,5174,680730518,665001038
ZaiGUC,0.928589,5010,627250286,675487358
ZtVqUS,1.024346,5279,694887050,678371096
ZaiGUC,0.930748,5087,637736606,685187204
ZtVqUS,1.030644,5342,705373370,684400730
ZaiGUC,0.930583,5158,646649978,694887050
ZtVqUS,1.035867,5433,719267744,694362734
ZaiGUC,0.926314,5243,655825508,707994950
ZtVqUS,1.038652,5526,732637802,705373370
ZaiGUC,0.927024,5322,666049670,718481270
ZtVqUS,1.038847,5604,743124122,715335374
ZaiGUC,0.926636,5398,675487358,728967590
ZtVqUS,1.040770,5697,756232022,726608168
ZaiGUC,0.928487,5488,687546626,740502542
ZtVqUS,1.043345,5792,769864238,737880962
ZaiGUC,0.926200,5574,697508630,753086126
ZtVqUS,1.043178,5861,779039768,746794334
ZaiGUC,0.924228,5653,706684160,764621078
ZtVqUS,1.045066,5940,790312562,756232022
ZaiGUC,0.924187,5726,715859690,774583082
ZtVqUS,1.046375,6042,804469094,768815606
ZaiGUC,0.923299,5808,725821694,786118034
ZtVqUS,1.046455,6120,814955414,778777610
ZaiGUC,0.920292,5895,735521540,799225934
ZtVqUS,1.046047,6217,827801156,791361194
ZaiGUC,0.922794,5968,745745702,808139306
ZtVqUS,1.047080,6302,839598266,801847514
ZaiGUC,0.925312,6047,756756338,817839152
ZtVqUS,1.047455,6383,850608902,812071676
ZaiGUC,0.926644,6134,768291290,829111946
ZtVqUS,1.047883,6456,860570906,821247206
ZaiGUC,0.928273,6197,776942504,836976686
ZtVqUS,1.050859,6533,872105858,829898420
ZaiGUC,0.932396,6272,788215298,845365742
ZtVqUS,1.055164,6635,887573180,841171214
ZaiGUC,0.934409,6352,799225934,855327746
ZtVqUS,1.053660,6700,895700078,850084586
ZaiGUC,0.934609,6372,801847514,857949326
ZtVqUS,1.053660,6700,895700078,850084586
ZaiGUC,0.934609,6372,801847514,857949326
ZtVqUS,1.053660,6700,895700078,850084586
ZaiGUC,0.934609,6372,801847514,857949326
ZtVqUS,1.053660,6700,895700078,850084586
ZaiGUC,0.934609,6372,801847514,857949326
ZtVqUS,1.053660,6700,895700078,850084586
ZaiGUC,0.934609,6372,801847514,857949326
ZtVqUS,1.053819,6719,898321658,852444008
ZaiGUC,0.934809,6392,804469094,860570906
ZtVqUS,1.053495,6720,898321658,852706166
ZaiGUC,0.934809,6392,804469094,860570906
ZtVqUS,1.053495,6720,898321658,852706166
ZaiGUC,0.934809,6392,804469094,860570906
ZtVqUS,1.053495,6720,898321658,852706166
ZaiGUC,0.934809,6392,804469094,860570906
ZtVqUS,1.053495,6720,898321658,852706166
ZaiGUC,0.934809,6392,804469094,860570906
ZtVqUS,1.053495,6720,898321658,852706166
ZaiGUC,0.934809,6392,804469094,860570906
ZtVqUS,1.050266,6730,898321658,855327746
ZaiGUC,0.935007,6412,807090674,863192486
ZtVqUS,1.053331,6740,900943238,855327746
ZaiGUC,0.935007,6412,807090674,863192486
ZtVqUS,1.053331,6740,900943238,855327746
ZaiGUC,0.935007,6412,807090674,863192486
ZtVqUS,1.053331,6740,900943238,855327746
ZaiGUC,0.935007,6412,807090674,863192486
ZtVqUS,1.053331,6740,900943238,855327746
ZaiGUC,0.935007,6412,807090674,863192486
ZtVqUS,1.053331,6740,900943238,855327746
ZaiGUC,0.935007,6412,807090674,863192486
ZtVqUS,1.053331,6740,900943238,855327746
ZaiGUC,0.935007,6412,807090674,863192486
ZtVqUS,1.053331,6740,900943238,855327746
ZaiGUC,0.935007,6412,807090674,863192486
ZtVqUS,1.050112,6750,900943238,857949326
ZaiGUC,0.932781,6424,807614990,865814066
ZtVqUS,1.053168,6760,903564818,857949326
ZaiGUC,0.934375,6437,809974412,866862698
ZtVqUS,1.053642,6817,911429558,865027592
ZaiGUC,0.935131,6544,823868786,881019230
ZtVqUS,1.053425,6925,925602190,878659808
ZaiGUC,0.934712,6649,836976686,895437920
ZtVqUS,1.053737,7039,941069512,893078498
ZaiGUC,0.935570,6770,852706166,911429558
ZtVqUS,1.053383,7161,957323308,908807978
ZaiGUC,0.936178,6840,861619538,920359030
ZtVqUS,1.055163,7235,967809628,917213134
ZaiGUC,0.936454,6901,869484278,928485928
ZtVqUS,1.054791,7320,979082422,928223770
ZaiGUC,0.934815,6990,879970598,941331670
ZtVqUS,1.059765,7420,994811902,938710090
ZaiGUC,0.935533,7070,890456918,951817990
ZtVqUS,1.049714,7495,1000237860,952866622
ZaiGUC,0.940054,7197,908807978,966760996
ZtVqUS,1.031830,7558,1000237860,969382576
ZaiGUC,0.939179,7314,922980610,982752634
ZtVqUS,1.013466,7625,1000237860,986947162
ZaiGUC,0.938905,7439,938710090,999792904
ZtVqUS,1.000000,7676,1000237860,1000237860
