id,debt_ratio,exchanges,bytes_sent,bytes_received
Z7SwXy,2.072592,50,5065732,2444152
ZaiGUC,1.000000,82,7949470,7949470
Z7SwXy,0.870173,151,15814210,18173632
ZaiGUC,0.860699,195,21057370,24465424
Z7SwXy,1.000000,262,31543690,31543690
ZaiGUC,0.933477,312,36786850,39408430
Z7SwXy,1.000000,390,48321802,48321802
ZaiGUC,0.902116,410,48321802,53564962
Z7SwXy,1.022289,475,60118912,58808122
ZaiGUC,0.924997,509,61429702,66410704
Z7SwXy,1.065378,590,76897024,72178180
ZaiGUC,0.956277,603,74537602,77945656
Z7SwXy,1.060447,669,87383344,82402342
ZaiGUC,0.968146,701,87645502,90529240
Z7SwXy,1.055816,758,99180454,93937294
ZaiGUC,1.000000,798,101802034,101802034
Z7SwXy,1.048981,858,112288354,107045194
ZaiGUC,0.977695,908,114909934,117531514
Z7SwXy,1.043637,958,125396254,120153094
ZaiGUC,1.020478,1008,130639414,128017834
Z7SwXy,1.029567,1051,136931206,132998836
ZaiGUC,1.027916,1111,144795946,140863576
Z7SwXy,1.051630,1134,149514790,142174366
ZaiGUC,1.017783,1156,150039106,147417526
Z7SwXy,1.036211,1146,150039106,144795946
ZaiGUC,1.035567,1166,152660686,147417526
Z7SwXy,1.036211,1146,150039106,144795946
ZaiGUC,1.035567,1166,152660686,147417526
Z7SwXy,1.036211,1146,150039106,144795946
ZaiGUC,1.035567,1166,152660686,147417526
Z7SwXy,1.036211,1146,150039106,144795946
ZaiGUC,1.035567,1166,152660686,147417526
Z7SwXy,1.054316,1156,152660686,144795946
ZaiGUC,1.035567,1166,152660686,147417526
Z7SwXy,1.054316,1156,152660686,144795946
ZaiGUC,1.035567,1166,152660686,147417526
Z7SwXy,1.035567,1166,152660686,147417526
ZaiGUC,1.031897,1168,152660686,147941842
Z7SwXy,1.035567,1166,152660686,147417526
ZaiGUC,1.017473,1176,152660686,150039106
Z7SwXy,1.035567,1166,152660686,147417526
ZaiGUC,1.034945,1186,155282266,150039106
Z7SwXy,1.035567,1166,152660686,147417526
ZaiGUC,1.034945,1186,155282266,150039106
Z7SwXy,1.050648,1236,163147006,155282266
ZaiGUC,1.028023,1324,173109010,168390166
Z7SwXy,1.044525,1353,178352170,170749588
ZaiGUC,1.033693,1470,193033018,186741226
Z7SwXy,1.055841,1494,198276178,187789858
ZaiGUC,1.052881,1613,214005658,203257180
Z7SwXy,1.065247,1604,214005658,200897758
ZaiGUC,1.049000,1694,224491978,214005658
Z7SwXy,1.056767,1688,224491978,212432710
ZaiGUC,1.034470,1792,236026930,228162190
Z7SwXy,1.050789,1798,238648510,227113558
ZaiGUC,1.021731,1882,246513250,241270090
Z7SwXy,1.051069,1909,253591516,241270090
ZaiGUC,1.022957,1960,256999570,251232094
Z7SwXy,1.052614,1972,262242730,249134830
ZaiGUC,1.012020,2030,264864310,261718414
Z7SwXy,1.041276,2049,271156102,260407624
ZaiGUC,1.013457,2116,276399262,272729050
Z7SwXy,1.028454,2160,284264002,276399262
ZaiGUC,1.017522,2209,289245004,284264002
Z7SwXy,1.026720,2221,292128742,284526160
ZaiGUC,1.002645,2293,298158376,297371902
Z7SwXy,1.014947,2313,302615062,298158376
ZaiGUC,1.008516,2380,310479802,307858222
Z7SwXy,1.016887,2410,315722962,310479802
ZaiGUC,1.010706,2463,321752596,318344542
Z7SwXy,1.017911,2500,327782230,322014754
ZaiGUC,1.011902,2557,334336180,330403810
Z7SwXy,1.017237,2596,340365814,334598338
ZaiGUC,1.017634,2653,347968396,341938762
Z7SwXy,1.015057,2698,353473714,348230554
ZaiGUC,1.010376,2734,357406084,353735872
Z7SwXy,1.014616,2778,363960034,358716874
ZaiGUC,1.004297,2820,367630246,366057298
Z7SwXy,1.014262,2846,372873406,367630246
ZaiGUC,0.993114,2916,378116566,380738146
Z7SwXy,1.013867,2926,383359726,378116566
ZaiGUC,0.990015,3011,389913676,393846046
Z7SwXy,1.017493,3020,396467626,389651518
ZaiGUC,0.993558,3116,404332366,406953946
Z7SwXy,1.012391,3107,406953946,401972944
ZaiGUC,0.989971,3196,414032212,418226740
Z7SwXy,1.005043,3202,417964582,415867318
ZaiGUC,0.991517,3308,428975218,432645430
Z7SwXy,1.000000,3294,428975218,428975218
ZaiGUC,0.993519,3405,442083118,444966856
Z7SwXy,1.004176,3381,441296644,439461538
ZaiGUC,0.990209,3477,450734332,455191018
Z7SwXy,0.991890,3460,448899226,452569438
ZaiGUC,0.987105,3585,461566430,467596064
Z7SwXy,0.994320,3552,458944850,461566430
ZaiGUC,0.989075,3682,474674330,479917490
Z7SwXy,1.000000,3642,472052750,472052750
ZaiGUC,0.990454,3794,489617336,494336180
Z7SwXy,0.989728,3721,479917490,484898492
ZaiGUC,0.982426,3876,498268550,507181922
Z7SwXy,0.994683,3792,490403810,493025390
ZaiGUC,0.979845,3970,509803502,520289822
Z7SwXy,0.991181,3879,500890130,505346816
ZaiGUC,0.979358,4068,522387086,533397722
Z7SwXy,0.989872,3970,512425082,517668242
ZaiGUC,0.977019,4170,534970670,547554254
Z7SwXy,0.985183,4060,522911402,530776142
ZaiGUC,0.977387,4238,543884042,556467626
Z7SwXy,0.986008,4157,535757144,543359726
ZaiGUC,0.981555,4338,558040574,568526894
Z7SwXy,0.980712,4251,546505622,557254100
ZaiGUC,0.978365,4430,569051210,581634794
Z7SwXy,0.979250,4333,556729784,568526894
ZaiGUC,0.980554,4522,581634794,593169746
Z7SwXy,0.979672,4423,568526894,580324004
ZaiGUC,0.978380,4616,593169746,606277646
Z7SwXy,0.976977,4506,578488898,592121114
ZaiGUC,0.982998,4706,606277646,616763966
Z7SwXy,0.981244,4583,589761692,601034486
ZaiGUC,0.982935,4805,619123388,629871866
Z7SwXy,0.982852,4666,601034486,611520806
ZaiGUC,0.986046,4880,629871866,638785238
Z7SwXy,0.982998,4706,606277646,616763966
ZaiGUC,0.986046,4880,629871866,638785238
Z7SwXy,0.978837,4716,606277646,619385546
ZaiGUC,0.986046,4880,629871866,638785238
Z7SwXy,0.978837,4716,606277646,619385546
ZaiGUC,0.986046,4880,629871866,638785238
Z7SwXy,0.978837,4716,606277646,619385546
ZaiGUC,0.982016,4890,629871866,641406818
Z7SwXy,0.978837,4716,606277646,619385546
ZaiGUC,0.982016,4890,629871866,641406818
Z7SwXy,0.978837,4716,606277646,619385546
ZaiGUC,0.984877,4897,631706972,641406818
Z7SwXy,0.983070,4726,608899226,619385546
ZaiGUC,0.986103,4900,632493446,641406818
Z7SwXy,0.983070,4726,608899226,619385546
ZaiGUC,0.986103,4900,632493446,641406818
Z7SwXy,0.978926,4736,608899226,622007126
ZaiGUC,0.986103,4900,632493446,641406818
Z7SwXy,0.978926,4736,608899226,622007126
ZaiGUC,0.986103,4900,632493446,641406818
Z7SwXy,0.978926,4736,608899226,622007126
ZaiGUC,0.982089,4910,632493446,644028398
Z7SwXy,0.978926,4736,608899226,622007126
ZaiGUC,0.982089,4910,632493446,644028398
Z7SwXy,0.983141,4746,611520806,622007126
ZaiGUC,0.986160,4920,635115026,644028398
Z7SwXy,0.982313,4748,611520806,622531442
ZaiGUC,0.986160,4920,635115026,644028398
Z7SwXy,0.979015,4756,611520806,624628706
ZaiGUC,0.986160,4920,635115026,644028398
Z7SwXy,0.979015,4756,611520806,624628706
ZaiGUC,0.986160,4920,635115026,644028398
Z7SwXy,0.983212,4766,614142386,624628706
ZaiGUC,0.986216,4940,637736606,646649978
Z7SwXy,0.983212,4766,614142386,624628706
ZaiGUC,0.986216,4940,637736606,646649978
Z7SwXy,0.983212,4766,614142386,624628706
ZaiGUC,0.986216,4940,637736606,646649978
Z7SwXy,0.979103,4776,614142386,627250286
ZaiGUC,0.986216,4940,637736606,646649978
Z7SwXy,0.979103,4776,614142386,627250286
ZaiGUC,0.985417,4942,637736606,647174294
Z7SwXy,0.979103,4776,614142386,627250286
ZaiGUC,0.982234,4950,637736606,649271558
Z7SwXy,0.982028,4783,615977492,627250286
ZaiGUC,0.983849,4954,638785238,649271558
Z7SwXy,0.982461,4788,616763966,627774602
ZaiGUC,0.983849,4954,638785238,649271558
Z7SwXy,0.979190,4796,616763966,629871866
ZaiGUC,0.983849,4954,638785238,649271558
Z7SwXy,0.979190,4796,616763966,629871866
ZaiGUC,0.983055,4956,638785238,649795874
Z7SwXy,0.979190,4796,616763966,629871866
ZaiGUC,0.983914,4974,641406818,651893138
Z7SwXy,0.979190,4796,616763966,629871866
ZaiGUC,0.983914,4974,641406818,651893138
Z7SwXy,0.983352,4806,619385546,629871866
ZaiGUC,0.983914,4974,641406818,651893138
Z7SwXy,0.983352,4806,619385546,629871866
ZaiGUC,0.983914,4974,641406818,651893138
Z7SwXy,0.983352,4806,619385546,629871866
ZaiGUC,0.983914,4974,641406818,651893138
Z7SwXy,0.979276,4816,619385546,632493446
ZaiGUC,0.981940,4979,641406818,653203928
Z7SwXy,0.979276,4816,619385546,632493446
ZaiGUC,0.983978,4994,644028398,654514718
Z7SwXy,0.979276,4816,619385546,632493446
ZaiGUC,0.983978,4994,644028398,654514718
Z7SwXy,0.979276,4816,619385546,632493446
ZaiGUC,0.983978,4994,644028398,654514718
Z7SwXy,0.983421,4826,622007126,632493446
ZaiGUC,0.983978,4994,644028398,654514718
Z7SwXy,0.983421,4826,622007126,632493446
ZaiGUC,0.983978,4994,644028398,654514718
Z7SwXy,0.983421,4826,622007126,632493446
ZaiGUC,0.983978,4994,644028398,654514718
Z7SwXy,0.979361,4836,622007126,635115026
ZaiGUC,0.983978,4994,644028398,654514718
Z7SwXy,0.979361,4836,622007126,635115026
ZaiGUC,0.984042,5014,646649978,657136298
Z7SwXy,0.983489,4846,624628706,635115026
ZaiGUC,0.984042,5014,646649978,657136298
Z7SwXy,0.983489,4846,624628706,635115026
ZaiGUC,0.984106,5034,649271558,659757878
Z7SwXy,0.983311,4913,633279920,644028398
ZaiGUC,0.988312,5144,665001038,672865778
Z7SwXy,0.979436,5046,649271558,662903774
ZaiGUC,0.990086,5260,680730518,687546626
Z7SwXy,0.980670,5164,665001038,678108938
ZaiGUC,0.996256,5372,697508630,700130210
Z7SwXy,0.979101,5249,675487358,689906048
ZaiGUC,0.990478,5476,709043582,715859690
Z7SwXy,0.970267,5342,684400730,705373370
ZaiGUC,0.985615,5562,718481270,728967590
Z7SwXy,0.964594,5423,692789786,718219112
ZaiGUC,0.989379,5660,732637802,740502542
Z7SwXy,0.965525,5514,704849054,730016222
ZaiGUC,0.989220,5761,745745702,753872600
Z7SwXy,0.963966,5600,715335374,742075490
ZaiGUC,0.988728,5863,758853602,767504816
Z7SwXy,0.962482,5690,726346010,754659074
ZaiGUC,0.988585,5964,771961502,780874874
Z7SwXy,0.958015,5777,735783698,768029132
ZaiGUC,0.988752,6052,783496454,792409826
Z7SwXy,0.956883,5850,744697070,778253294
ZaiGUC,0.986001,6141,793982774,805255568
Z7SwXy,0.958785,5934,756232022,788739614
ZaiGUC,0.984963,6245,807090674,819412100
Z7SwXy,0.954956,6030,766980500,803158304
ZaiGUC,0.984531,6327,817576994,830422736
Z7SwXy,0.957723,6107,777991136,812333834
ZaiGUC,0.981382,6426,829111946,844841426
Z7SwXy,0.957056,6193,788739614,824130944
ZaiGUC,0.982836,6510,840646898,855327746
Z7SwXy,0.957715,6291,801585356,836976686
ZaiGUC,0.981591,6607,852706166,868697804
Z7SwXy,0.952508,6372,809712254,850084586
ZaiGUC,0.981838,6697,864503276,880494914
Z7SwXy,0.954305,6456,821247206,860570906
ZaiGUC,0.982094,6793,877086860,893078498
Z7SwXy,0.953035,6528,829898420,870795068
ZaiGUC,0.982592,6874,887835338,903564818
Z7SwXy,0.951431,6630,842219846,885213758
ZaiGUC,0.984795,6969,900943238,914853712
Z7SwXy,0.949073,6700,850084586,895700078
ZaiGUC,0.984557,6990,903564818,917737450
Z7SwXy,0.949073,6700,850084586,895700078
ZaiGUC,0.984557,6990,903564818,917737450
Z7SwXy,0.949073,6700,850084586,895700078
ZaiGUC,0.984557,6990,903564818,917737450
Z7SwXy,0.949073,6700,850084586,895700078
ZaiGUC,0.984557,6990,903564818,917737450
Z7SwXy,0.949073,6700,850084586,895700078
ZaiGUC,0.984557,6990,903564818,917737450
Z7SwXy,0.949221,6720,852706166,898321658
ZaiGUC,0.984601,7010,906186398,920359030
Z7SwXy,0.949221,6720,852706166,898321658
ZaiGUC,0.984601,7010,906186398,920359030
Z7SwXy,0.949221,6720,852706166,898321658
ZaiGUC,0.984601,7010,906186398,920359030
Z7SwXy,0.949221,6720,852706166,898321658
ZaiGUC,0.984601,7010,906186398,920359030
Z7SwXy,0.949221,6720,852706166,898321658
ZaiGUC,0.984601,7010,906186398,920359030
Z7SwXy,0.950972,6726,854279114,898321658
ZaiGUC,0.984601,7010,906186398,920359030
Z7SwXy,0.952140,6730,855327746,898321658
ZaiGUC,0.984645,7030,908807978,922980610
Z7SwXy,0.949369,6740,855327746,900943238
ZaiGUC,0.984645,7030,908807978,922980610
Z7SwXy,0.949369,6740,855327746,900943238
ZaiGUC,0.984645,7030,908807978,922980610
Z7SwXy,0.949369,6740,855327746,900943238
ZaiGUC,0.984645,7030,908807978,922980610
Z7SwXy,0.949369,6740,855327746,900943238
ZaiGUC,0.984645,7030,908807978,922980610
Z7SwXy,0.949369,6740,855327746,900943238
ZaiGUC,0.984645,7030,908807978,922980610
Z7SwXy,0.949369,6740,855327746,900943238
ZaiGUC,0.984645,7030,908807978,922980610
Z7SwXy,0.949369,6740,855327746,900943238
ZaiGUC,0.984645,7030,908807978,922980610
Z7SwXy,0.952279,6750,857949326,900943238
ZaiGUC,0.987485,7040,911429558,922980610
Z7SwXy,0.949516,6760,857949326,903564818
ZaiGUC,0.984688,7050,911429558,925602190
Z7SwXy,0.951102,6824,866862698,911429558
ZaiGUC,0.983337,7186,928223770,943953250
Z7SwXy,0.951122,6951,882854336,928223770
ZaiGUC,0.984191,7324,946574830,961779994
Z7SwXy,0.948882,7060,895700078,943953250
ZaiGUC,0.984965,7438,961779994,976460842
Z7SwXy,0.951279,7174,911429558,958109782
ZaiGUC,0.985410,7529,973839262,988257952
Z7SwXy,0.948846,7245,919048240,968596102
ZaiGUC,0.985402,7620,985636372,1000237860
Z7SwXy,0.947125,7336,929796718,981704002
ZaiGUC,0.999817,7675,1000055062,1000237860
Z7SwXy,0.944017,7441,941593828,997433482
ZaiGUC,1.000000,7676,1000237860,1000237860
Z7SwXy,0.957882,7515,958109782,1000237860
ZaiGUC,1.000000,7676,1000237860,1000237860
Z7SwXy,0.976229,7585,976460842,1000237860
ZaiGUC,1.000000,7676,1000237860,1000237860
Z7SwXy,0.991954,7645,992190322,1000237860
ZaiGUC,1.000000,7676,1000237860,1000237860
Z7SwXy,1.000000,7676,1000237860,1000237860
ZaiGUC,1.000000,7676,1000237860,1000237860
