id,debt_ratio,exchanges,bytes_sent,bytes_received
ddy6Yd,0.000000,11,0,84730
ddv2Uj,3.272136,74,10571050,3230626
ddy6Yd,0.825704,168,17387158,21057370
ddv2Uj,1.248994,202,26300530,21057370
ddy6Yd,0.921047,289,33640954,36524692
ddv2Uj,1.230197,312,42030010,34165270
ddy6Yd,0.911607,389,45962380,50419066
ddv2Uj,1.157332,419,55924384,48321802
ddy6Yd,0.995562,471,58808122,59070280
ddv2Uj,1.133736,500,66672862,58808122
ddy6Yd,0.970623,558,69294442,71391706
ddv2Uj,1.101331,602,79780762,72440338
ddy6Yd,1.000000,650,82402342,82402342
ddv2Uj,1.074000,694,91315714,85023922
ddy6Yd,1.028709,728,93937294,91315714
ddv2Uj,1.093324,784,104423614,95510242
ddy6Yd,1.075316,848,112288354,104423614
ddv2Uj,1.095620,898,120153094,109666774
ddy6Yd,1.054015,934,122774674,116482882
ddv2Uj,1.069820,970,128542150,120153094
ddy6Yd,1.061435,1028,135882574,128017834
ddv2Uj,1.080657,1079,144009472,133260994
ddy6Yd,1.056357,1116,147417526,139552786
ddv2Uj,1.090527,1176,157903846,144795946
ddy6Yd,1.051518,1216,160525426,152660686
ddv2Uj,1.101296,1266,171011746,155282266
ddy6Yd,1.045863,1315,173371168,165768586
ddv2Uj,1.084070,1360,182546698,168390166
ddy6Yd,1.046109,1397,184381804,176254906
ddv2Uj,1.065093,1449,193033018,181235908
ddy6Yd,1.041881,1484,195654598,187789858
ddv2Uj,1.082608,1534,206140918,190411438
ddy6Yd,1.025762,1594,208762498,203519338
ddv2Uj,1.067660,1641,219248818,205354444
ddy6Yd,1.014557,1682,219248818,216102922
ddv2Uj,1.075031,1736,232881034,216627238
ddy6Yd,1.022980,1782,233405350,228162190
ddv2Uj,1.067391,1862,249134830,233405350
ddy6Yd,1.012789,1910,249134830,245988934
ddv2Uj,1.045346,2006,265912942,254377990
ddy6Yd,1.009898,2052,267485890,264864310
ddv2Uj,1.036527,2140,282691054,272729050
ddy6Yd,1.018970,2150,281642422,276399262
ddv2Uj,1.035967,2229,294488164,284264002
ddy6Yd,1.027414,2240,294750322,286885582
ddv2Uj,1.034688,2309,304974484,294750322
ddy6Yd,1.033500,2328,307333906,297371902
ddv2Uj,1.034062,2410,318344542,307858222
ddy6Yd,1.033070,2419,319393174,309169012
ddv2Uj,1.031985,2499,329879494,319655332
ddy6Yd,1.042752,2506,332501074,318868858
ddv2Uj,1.027487,2603,342987394,333811864
ddy6Yd,1.045730,2616,347706238,332501074
ddv2Uj,1.021816,2709,356095294,348492712
ddy6Yd,1.033124,2722,359765506,348230554
ddv2Uj,1.024848,2792,367630246,358716874
ddy6Yd,1.024668,2812,370251826,361338454
ddv2Uj,1.035403,2896,383359726,370251826
ddy6Yd,1.028123,2906,383359726,372873406
ddv2Uj,1.034710,3011,398564890,385194832
ddy6Yd,1.027885,3003,396205468,385456990
ddv2Uj,1.042601,3090,410624158,393846046
ddy6Yd,1.019837,3076,404332366,396467626
ddv2Uj,1.039551,3167,420324004,404332366
ddy6Yd,1.015461,3150,413245738,406953946
ddv2Uj,1.041209,3241,430548166,413507896
ddy6Yd,1.018912,3224,423732058,415867318
ddv2Uj,1.036893,3334,442083118,426353638
ddy6Yd,1.014039,3321,435529168,429499534
ddv2Uj,1.029756,3432,453618070,440510170
ddy6Yd,1.011931,3394,444704698,439461538
ddv2Uj,1.019312,3515,461042114,452307280
ddy6Yd,1.008294,3498,456323270,452569438
ddv2Uj,1.028431,3608,474150014,461042114
ddy6Yd,1.014240,3577,466809590,460255640
ddv2Uj,1.022092,3702,485160650,474674330
ddy6Yd,1.001105,3664,475198646,474674330
ddv2Uj,1.014488,3795,495646970,488568704
ddy6Yd,1.002150,3766,488830862,487782230
ddv2Uj,1.010501,3870,504560342,499317182
ddy6Yd,1.005289,3832,498268550,495646970
ddv2Uj,1.010285,3950,515046662,509803502
ddy6Yd,1.005196,3900,507181922,504560342
ddv2Uj,1.008566,4027,524746508,520289822
ddy6Yd,1.000000,3990,517668242,517668242
ddv2Uj,1.009927,4090,533397722,528154562
ddy6Yd,1.000000,4050,525532982,525532982
ddv2Uj,1.004843,4180,543884042,541262462
ddy6Yd,1.000000,4090,530776142,530776142
ddv2Uj,1.004820,4200,546505622,543884042
ddy6Yd,1.000000,4110,533397722,533397722
ddv2Uj,1.004820,4200,546505622,543884042
ddy6Yd,1.000000,4110,533397722,533397722
ddv2Uj,1.004820,4200,546505622,543884042
ddy6Yd,1.004915,4120,536019302,533397722
ddv2Uj,1.004820,4200,546505622,543884042
ddy6Yd,1.004915,4120,536019302,533397722
ddv2Uj,1.004820,4200,546505622,543884042
ddy6Yd,1.004915,4120,536019302,533397722
ddv2Uj,1.004820,4200,546505622,543884042
ddy6Yd,1.000000,4130,536019302,536019302
ddv2Uj,1.004820,4200,546505622,543884042
ddy6Yd,1.000000,4130,536019302,536019302
ddv2Uj,1.001919,4214,547554254,546505622
ddy6Yd,1.000000,4130,536019302,536019302
ddv2Uj,1.001919,4214,547554254,546505622
ddy6Yd,1.000000,4130,536019302,536019302
ddv2Uj,1.001919,4214,547554254,546505622
ddy6Yd,1.000000,4130,536019302,536019302
ddv2Uj,1.001919,4214,547554254,546505622
ddy6Yd,1.000000,4130,536019302,536019302
ddv2Uj,1.001919,4214,547554254,546505622
ddy6Yd,1.004891,4140,538640882,536019302
ddv2Uj,1.001919,4214,547554254,546505622
ddy6Yd,1.004891,4140,538640882,536019302
ddv2Uj,1.001919,4214,547554254,546505622
ddy6Yd,1.000000,4150,538640882,538640882
ddv2Uj,1.006716,4224,550175834,546505622
ddy6Yd,1.000000,4150,538640882,538640882
ddv2Uj,1.004788,4228,550175834,547554254
ddy6Yd,1.000000,4150,538640882,538640882
ddv2Uj,1.004788,4228,550175834,547554254
ddy6Yd,1.000000,4150,538640882,538640882
ddv2Uj,1.004788,4228,550175834,547554254
ddy6Yd,1.004867,4160,541262462,538640882
ddv2Uj,1.004788,4228,550175834,547554254
ddy6Yd,1.004867,4160,541262462,538640882
ddv2Uj,1.004788,4228,550175834,547554254
ddy6Yd,1.004867,4160,541262462,538640882
ddv2Uj,1.004788,4228,550175834,547554254
ddy6Yd,1.000000,4170,541262462,541262462
ddv2Uj,1.000000,4238,550175834,550175834
ddy6Yd,1.000000,4170,541262462,541262462
ddv2Uj,1.004765,4248,552797414,550175834
ddy6Yd,1.000000,4170,541262462,541262462
ddv2Uj,1.004765,4248,552797414,550175834
ddy6Yd,1.000000,4170,541262462,541262462
ddv2Uj,1.004765,4248,552797414,550175834
ddy6Yd,1.000000,4170,541262462,541262462
ddv2Uj,1.004765,4248,552797414,550175834
ddy6Yd,1.004843,4180,543884042,541262462
ddv2Uj,1.004765,4248,552797414,550175834
ddy6Yd,1.000000,4190,543884042,543884042
ddv2Uj,1.004765,4248,552797414,550175834
ddy6Yd,1.000000,4190,543884042,543884042
ddv2Uj,1.009530,4258,555418994,550175834
ddy6Yd,1.000000,4190,543884042,543884042
ddv2Uj,1.004742,4268,555418994,552797414
ddy6Yd,1.000000,4190,543884042,543884042
ddv2Uj,1.004742,4268,555418994,552797414
ddy6Yd,1.000000,4190,543884042,543884042
ddv2Uj,1.004742,4268,555418994,552797414
ddy6Yd,1.000000,4190,543884042,543884042
ddv2Uj,1.004742,4268,555418994,552797414
ddy6Yd,1.000000,4190,543884042,543884042
ddv2Uj,1.004742,4268,555418994,552797414
ddy6Yd,1.004820,4200,546505622,543884042
ddv2Uj,1.004742,4268,555418994,552797414
ddy6Yd,1.004820,4200,546505622,543884042
ddv2Uj,1.004742,4268,555418994,552797414
ddy6Yd,1.004820,4200,546505622,543884042
ddv2Uj,1.009485,4278,558040574,552797414
ddy6Yd,1.000000,4210,546505622,546505622
ddv2Uj,1.008528,4280,558040574,553321730
ddy6Yd,1.000000,4210,546505622,546505622
ddv2Uj,1.004720,4288,558040574,555418994
ddy6Yd,1.000000,4210,546505622,546505622
ddv2Uj,1.004720,4288,558040574,555418994
ddy6Yd,1.000000,4210,546505622,546505622
ddv2Uj,1.004720,4288,558040574,555418994
ddy6Yd,1.000000,4218,547554254,547554254
ddv2Uj,1.004720,4288,558040574,555418994
ddy6Yd,1.000000,4218,547554254,547554254
ddv2Uj,1.009440,4298,560662154,555418994
ddy6Yd,1.000000,4218,547554254,547554254
ddv2Uj,1.009440,4298,560662154,555418994
ddy6Yd,1.000000,4218,547554254,547554254
ddv2Uj,1.000000,4378,568526894,568526894
ddy6Yd,1.004654,4348,565905314,563283734
ddv2Uj,1.004487,4508,586877954,584256374
ddy6Yd,1.003622,4466,581110478,579013214
ddv2Uj,1.004381,4616,601034486,598412906
ddy6Yd,1.005745,4579,596577800,593169746
ddv2Uj,1.004269,4736,616763966,614142386
ddy6Yd,1.008686,4666,608899226,603656066
ddv2Uj,1.002508,4832,628823234,627250286
ddy6Yd,1.008930,4765,622007126,616501808
ddv2Uj,1.000000,4914,638785238,638785238
ddy6Yd,1.012538,4856,635115026,627250286
ddv2Uj,0.999598,5013,651630980,651893138
ddy6Yd,1.007798,4933,643766240,638785238
ddv2Uj,0.999209,5096,662379458,662903774
ddy6Yd,1.012113,5024,657136298,649271558
ddv2Uj,0.996104,5164,670244198,672865778
ddy6Yd,1.011968,5084,665001038,657136298
ddv2Uj,0.994658,5268,683352098,687022310
ddy6Yd,1.011734,5184,678108938,670244198
ddv2Uj,0.996242,5352,694887050,697508630
ddy6Yd,1.012324,5266,689119574,680730518
ddv2Uj,0.992622,5442,705373370,710616530
ddy6Yd,1.013996,5365,702751790,693051944
ddv2Uj,0.996364,5532,718481270,721102850
ddy6Yd,1.011108,5472,715859690,707994950
ddv2Uj,0.990045,5638,730016222,737356646
ddy6Yd,1.012010,5569,728967590,720316376
ddv2Uj,0.989527,5740,743124122,750988862
ddy6Yd,1.010735,5660,740502542,732637802
ddv2Uj,0.992773,5831,756232022,761737340
ddy6Yd,1.011994,5744,752037494,743124122
ddv2Uj,0.992529,5908,766194026,771961502
ddy6Yd,1.012523,5826,763048130,753610442
ddv2Uj,0.993286,5978,775631714,780874874
ddy6Yd,1.015045,5934,778253294,766718342
ddv2Uj,0.990095,6068,786118034,793982774
ddy6Yd,1.013474,6018,788739614,778253294
ddv2Uj,0.990255,6168,799225934,807090674
ddy6Yd,1.018281,6113,803158304,788739614
ddv2Uj,0.991700,6280,814431098,821247206
ddy6Yd,1.020284,6216,817576994,801323198
ddv2Uj,0.989977,6394,828587630,836976686
ddy6Yd,1.017585,6351,834355106,819936416
ddv2Uj,0.989833,6499,842219846,850871060
ddy6Yd,1.018224,6464,849560270,834355106
ddv2Uj,0.990861,6576,852706166,860570906
ddy6Yd,1.020855,6533,859784432,842219846
ddv2Uj,0.991542,6634,860570906,867911330
ddy6Yd,1.019676,6610,869484278,852706166
ddv2Uj,0.993430,6716,872105858,877873334
ddy6Yd,1.019496,6670,877349018,860570906
ddv2Uj,0.991142,6784,879970598,887835338
ddy6Yd,1.020503,6742,887311022,869484278
ddv2Uj,0.994163,6874,893078498,898321658
ddy6Yd,1.019639,6828,898321658,881019230
ddv2Uj,0.991371,6964,903564818,911429558
ddy6Yd,1.020249,6925,911429558,893340656
ddv2Uj,0.994319,7066,917737450,922980610
ddy6Yd,1.017665,7017,922194136,906186398
ddv2Uj,0.994399,7166,930845350,936088510
ddy6Yd,1.022918,7106,936088510,915115870
ddv2Uj,0.996962,7275,946312672,949196410
ddy6Yd,1.022030,7204,948672094,928223770
ddv2Uj,0.996180,7360,957061150,960731362
ddy6Yd,1.016126,7296,958109782,942904618
ddv2Uj,0.991924,7444,965974522,973839262
ddy6Yd,1.017579,7390,971217682,954439570
ddv2Uj,0.992031,7544,979082422,986947162
ddy6Yd,1.017892,7488,984325582,967023154
ddv2Uj,0.996320,7640,993763270,997433482
ddy6Yd,1.013352,7584,994811902,981704002
ddv2Uj,1.000000,7676,1000237860,1000237860
