id,debt_ratio,exchanges,bytes_sent,bytes_received
ddy6Yd,2706310.000000,21,2706310,0
aKpxhF,0.305611,74,3230626,10571050
ddy6Yd,1.185425,151,18435790,15552052
aKpxhF,0.889286,192,21057370,23678950
ddy6Yd,1.181285,262,34165270,28922110
aKpxhF,0.833692,297,32854480,39408430
ddy6Yd,1.149698,366,48321802,42030010
aKpxhF,0.897222,409,48059644,53564962
ddy6Yd,1.143335,455,60643228,53040646
aKpxhF,0.918141,490,58808122,64051282
ddy6Yd,1.149602,553,74537602,64837756
aKpxhF,0.901421,600,71916022,79780762
ddy6Yd,1.175856,640,87645502,74537602
aKpxhF,0.939011,689,84761764,90267082
ddy6Yd,1.101698,724,96558874,87645502
aKpxhF,0.913337,772,93937294,102850666
ddy6Yd,1.132162,828,112288354,99180454
aKpxhF,0.939370,885,109666774,116745040
ddy6Yd,1.093387,918,122774674,112288354
aKpxhF,0.940491,967,120153094,127755676
ddy6Yd,1.085411,998,133260994,122774674
aKpxhF,0.922269,1060,130639414,141650050
ddy6Yd,1.065596,1092,144795946,135882574
aKpxhF,0.917275,1157,142436524,155282266
ddy6Yd,1.053350,1176,155282266,147417526
aKpxhF,0.912816,1250,153709318,168390166
ddy6Yd,1.067531,1246,165768586,155282266
aKpxhF,0.912065,1326,163147006,178876486
ddy6Yd,1.063259,1326,176254906,165768586
aKpxhF,0.938575,1410,176254906,187789858
ddy6Yd,1.064486,1430,190411438,178876486
aKpxhF,0.934753,1504,187789858,200897758
ddy6Yd,1.076678,1538,206140918,191460070
aKpxhF,0.937223,1626,203519338,217151554
ddy6Yd,1.077287,1634,219248818,203519338
aKpxhF,0.937954,1708,214005658,228162190
ddy6Yd,1.065350,1728,230783770,216627238
aKpxhF,0.946255,1832,230783770,243891670
ddy6Yd,1.067391,1862,249134830,233405350
aKpxhF,0.949511,1952,246513250,259621150
ddy6Yd,1.055767,2012,268010206,253853674
aKpxhF,0.967752,2096,267485890,276399262
ddy6Yd,1.052924,2116,281642422,267485890
aKpxhF,0.963779,2190,279020842,289507162
ddy6Yd,1.048949,2198,292128742,278496526
aKpxhF,0.972910,2279,291866584,299993482
ddy6Yd,1.044870,2300,305236642,292128742
aKpxhF,0.980629,2373,305236642,311266276
ddy6Yd,1.042943,2400,318344542,305236642
aKpxhF,0.979004,2472,317820226,324636334
ddy6Yd,1.038196,2476,327782230,315722962
aKpxhF,0.976714,2568,329879494,337744234
ddy6Yd,1.031788,2578,340365814,329879494
aKpxhF,0.985056,2678,345608974,350852134
ddy6Yd,1.029045,2676,352949398,342987394
aKpxhF,0.978391,2768,356095294,363960034
ddy6Yd,1.022086,2768,363960034,356095294
aKpxhF,0.977659,2854,367105930,375494986
ddy6Yd,1.019825,2874,377592250,370251826
aKpxhF,0.966495,2956,378116566,391224466
ddy6Yd,1.019253,2958,388602886,381262462
aKpxhF,0.970690,3047,390700150,402497260
ddy6Yd,1.026804,3046,401710786,391224466
aKpxhF,0.963437,3136,400662154,415867318
ddy6Yd,1.024638,3144,414294370,404332366
aKpxhF,0.963107,3214,410624158,426353638
ddy6Yd,1.031719,3224,426353638,413245738
aKpxhF,0.970173,3324,426353638,439461538
ddy6Yd,1.030556,3344,442083118,428975218
aKpxhF,0.971037,3424,439461538,452569438
ddy6Yd,1.028600,3426,452569438,439985854
aKpxhF,0.986109,3508,452569438,458944850
ddy6Yd,1.019880,3518,461566430,452569438
aKpxhF,0.972232,3592,458944850,472052750
ddy6Yd,1.027263,3610,474150014,461566430
aKpxhF,0.978386,3702,474674330,485160650
ddy6Yd,1.026364,3730,489879494,477295910
aKpxhF,0.989422,3802,490403810,495646970
ddy6Yd,1.026872,3812,500890130,487782230
aKpxhF,0.991687,3874,500365814,504560342
ddy6Yd,1.026819,3895,511900766,498530708
aKpxhF,0.994910,3960,512425082,515046662
ddy6Yd,1.020055,3969,520027664,509803502
aKpxhF,0.990522,4031,520551980,525532982
ddy6Yd,1.015116,4040,528154562,520289822
aKpxhF,0.991673,4107,530776142,535232828
ddy6Yd,1.010818,4130,538903040,533135564
aKpxhF,0.995180,4180,541262462,543884042
ddy6Yd,1.009782,4150,541262462,536019302
aKpxhF,0.995203,4200,543884042,546505622
ddy6Yd,1.009734,4170,543884042,538640882
aKpxhF,0.995203,4200,543884042,546505622
ddy6Yd,1.009734,4170,543884042,538640882
aKpxhF,0.995203,4200,543884042,546505622
ddy6Yd,1.014601,4180,546505622,538640882
aKpxhF,0.995203,4200,543884042,546505622
ddy6Yd,1.014601,4180,546505622,538640882
aKpxhF,0.995203,4200,543884042,546505622
ddy6Yd,1.014601,4180,546505622,538640882
aKpxhF,0.995203,4200,543884042,546505622
ddy6Yd,1.014601,4180,546505622,538640882
aKpxhF,0.995203,4200,543884042,546505622
ddy6Yd,1.009687,4190,546505622,541262462
aKpxhF,0.998085,4214,546505622,547554254
ddy6Yd,1.009687,4190,546505622,541262462
aKpxhF,0.998085,4214,546505622,547554254
ddy6Yd,1.009687,4190,546505622,541262462
aKpxhF,0.998085,4214,546505622,547554254
ddy6Yd,1.009687,4190,546505622,541262462
aKpxhF,0.998085,4214,546505622,547554254
ddy6Yd,1.009687,4190,546505622,541262462
aKpxhF,0.998085,4214,546505622,547554254
ddy6Yd,1.011624,4194,547554254,541262462
aKpxhF,0.998085,4214,546505622,547554254
ddy6Yd,1.011624,4194,547554254,541262462
aKpxhF,0.998085,4214,546505622,547554254
ddy6Yd,1.011624,4194,547554254,541262462
aKpxhF,0.993329,4224,546505622,550175834
ddy6Yd,1.006748,4204,547554254,543884042
aKpxhF,0.995235,4228,547554254,550175834
ddy6Yd,1.006748,4204,547554254,543884042
aKpxhF,0.995235,4228,547554254,550175834
ddy6Yd,1.006748,4204,547554254,543884042
aKpxhF,0.995235,4228,547554254,550175834
ddy6Yd,1.011568,4214,550175834,543884042
aKpxhF,0.995235,4228,547554254,550175834
ddy6Yd,1.011568,4214,550175834,543884042
aKpxhF,0.995235,4228,547554254,550175834
ddy6Yd,1.011568,4214,550175834,543884042
aKpxhF,0.995235,4228,547554254,550175834
ddy6Yd,1.011568,4214,550175834,543884042
aKpxhF,1.000000,4238,550175834,550175834
ddy6Yd,1.011568,4214,550175834,543884042
aKpxhF,0.995258,4248,550175834,552797414
ddy6Yd,1.006716,4224,550175834,546505622
aKpxhF,0.995258,4248,550175834,552797414
ddy6Yd,1.010553,4232,552273098,546505622
aKpxhF,0.995258,4248,550175834,552797414
ddy6Yd,1.011513,4234,552797414,546505622
aKpxhF,0.995258,4248,550175834,552797414
ddy6Yd,1.011513,4234,552797414,546505622
aKpxhF,0.995258,4248,550175834,552797414
ddy6Yd,1.011513,4234,552797414,546505622
aKpxhF,0.995258,4248,550175834,552797414
ddy6Yd,1.011513,4234,552797414,546505622
aKpxhF,0.990560,4258,550175834,555418994
ddy6Yd,1.011513,4234,552797414,546505622
aKpxhF,0.995280,4268,552797414,555418994
ddy6Yd,1.011513,4234,552797414,546505622
aKpxhF,0.995280,4268,552797414,555418994
ddy6Yd,1.011513,4234,552797414,546505622
aKpxhF,0.995280,4268,552797414,555418994
ddy6Yd,1.011513,4234,552797414,546505622
aKpxhF,0.995280,4268,552797414,555418994
ddy6Yd,1.014363,4248,555418994,547554254
aKpxhF,0.995280,4268,552797414,555418994
ddy6Yd,1.014363,4248,555418994,547554254
aKpxhF,0.995280,4268,552797414,555418994
ddy6Yd,1.014363,4248,555418994,547554254
aKpxhF,0.995280,4268,552797414,555418994
ddy6Yd,1.014363,4248,555418994,547554254
aKpxhF,0.990604,4278,552797414,558040574
ddy6Yd,1.014363,4248,555418994,547554254
aKpxhF,0.990604,4278,552797414,558040574
ddy6Yd,1.014363,4248,555418994,547554254
aKpxhF,0.995302,4288,555418994,558040574
ddy6Yd,1.009530,4258,555418994,550175834
aKpxhF,0.995302,4288,555418994,558040574
ddy6Yd,1.014295,4268,558040574,550175834
aKpxhF,0.995302,4288,555418994,558040574
ddy6Yd,1.014295,4268,558040574,550175834
aKpxhF,0.995302,4288,555418994,558040574
ddy6Yd,1.014295,4268,558040574,550175834
aKpxhF,0.990648,4298,555418994,560662154
ddy6Yd,1.014295,4268,558040574,550175834
aKpxhF,0.990648,4298,555418994,560662154
ddy6Yd,1.014295,4268,558040574,550175834
aKpxhF,0.995367,4348,563283734,565905314
ddy6Yd,1.009265,4378,571148474,565905314
aKpxhF,0.996845,4471,579799688,581634794
ddy6Yd,1.009015,4498,586877954,581634794
aKpxhF,0.996929,4593,595791326,597626432
ddy6Yd,1.007913,4608,601034486,596315642
aKpxhF,0.998293,4722,613093754,614142386
ddy6Yd,1.006012,4712,614142386,610472174
aKpxhF,0.997904,4807,624104390,625415180
ddy6Yd,1.012274,4795,626988128,619385546
aKpxhF,1.003302,4894,637212290,635115026
ddy6Yd,1.004540,4897,637998764,635115026
aKpxhF,1.001215,4983,648222926,647436452
ddy6Yd,1.008141,4974,649271558,644028398
aKpxhF,1.000000,5074,659757878,659757878
ddy6Yd,1.011215,5062,661855142,654514718
aKpxhF,1.003911,5164,672865778,670244198
ddy6Yd,1.007884,5134,670244198,665001038
aKpxhF,1.005371,5268,687022310,683352098
ddy6Yd,1.007732,5234,683352098,678108938
aKpxhF,1.007545,5362,700130210,694887050
ddy6Yd,1.013340,5323,696984314,687808784
aKpxhF,1.005562,5449,710878688,706946318
ddy6Yd,1.011233,5412,707994950,700130210
aKpxhF,1.007298,5542,723724430,718481270
ddy6Yd,1.013967,5520,723200114,713238110
aKpxhF,1.010048,5642,737880962,730540538
ddy6Yd,1.015881,5626,737880962,726346010
aKpxhF,1.011969,5756,753610442,744697070
ddy6Yd,1.014211,5710,748367282,737880962
aKpxhF,1.010400,5840,764096762,756232022
ddy6Yd,1.016092,5804,761475182,749415914
aKpxhF,1.008178,5934,775631714,769339922
ddy6Yd,1.017214,5900,774583082,761475182
aKpxhF,1.010106,6008,786118034,778253294
ddy6Yd,1.014892,5994,786118034,774583082
aKpxhF,1.011575,6123,801847514,792671984
ddy6Yd,1.023422,6088,801847514,783496454
aKpxhF,1.012709,6217,814693256,804469094
ddy6Yd,1.021286,6213,817576994,800536724
aKpxhF,1.010867,6332,829111946,820198574
ddy6Yd,1.020601,6318,831209210,814431098
aKpxhF,1.010696,6432,842219846,833306474
ddy6Yd,1.020520,6441,847463006,830422736
aKpxhF,1.011136,6542,856900694,847463006
ddy6Yd,1.016146,6534,857949326,844317110
aKpxhF,1.009167,6616,865814066,857949326
ddy6Yd,1.015938,6618,868959962,855327746
aKpxhF,1.010887,6690,876300386,866862698
ddy6Yd,1.016351,6700,879970598,865814066
aKpxhF,1.008991,6744,882592178,874727438
ddy6Yd,1.014985,6764,887835338,874727438
aKpxhF,1.008858,6844,895700078,887835338
ddy6Yd,1.018920,6870,903564818,886786706
aKpxhF,1.008147,6942,908283662,900943238
ddy6Yd,1.018732,6938,912478190,895700078
aKpxhF,1.006033,7027,917999608,912494290
ddy6Yd,1.021364,7050,928223770,908807978
aKpxhF,1.008497,7136,933466930,925602190
ddy6Yd,1.019882,7156,941331670,922980610
aKpxhF,1.003620,7239,944739724,941331670
ddy6Yd,1.018204,7251,953128780,936088510
aKpxhF,1.004126,7331,957061150,953128780
ddy6Yd,1.014914,7340,963352942,949196410
aKpxhF,1.007620,7422,970693366,963352942
ddy6Yd,1.016372,7434,976460842,960731362
aKpxhF,1.005370,7514,981704002,976460842
ddy6Yd,1.013733,7523,986947162,973577104
aKpxhF,1.005565,7613,994811902,989306584
ddy6Yd,1.013857,7602,997433482,983801266
aKpxhF,1.000000,7676,1000237860,1000237860
ddy6Yd,1.000000,7676,1000237860,1000237860
aKpxhF,1.000000,7676,1000237860,1000237860
