id,debt_ratio,exchanges,bytes_sent,bytes_received
ddv2Uj,0.458747,51,2444152,5327890
aKpxhF,1.659561,102,13192630,7949470
ddv2Uj,0.863053,171,18173632,21057370
aKpxhF,1.199356,242,31543690,26300530
ddv2Uj,0.900230,288,33116638,36786850
aKpxhF,1.048099,362,45700222,43602958
ddv2Uj,0.887940,392,45700222,51467698
aKpxhF,1.046658,460,58808122,56186542
ddv2Uj,0.882268,485,56973016,64575598
aKpxhF,1.039320,540,69294442,66672862
ddv2Uj,0.868561,590,69294442,79780762
aKpxhF,1.000000,630,79780762,79780762
ddv2Uj,0.888035,679,81091552,91315714
aKpxhF,0.972092,728,91315714,93937294
ddv2Uj,0.894558,776,93412978,104423614
aKpxhF,0.959362,841,105210088,109666774
ddv2Uj,0.912725,898,109666774,120153094
aKpxhF,0.951201,941,117531514,123561148
ddv2Uj,0.919731,978,120153094,130639414
aKpxhF,0.945770,1026,128017834,135358258
ddv2Uj,0.945827,1063,132736678,140339260
aKpxhF,0.956860,1110,139552786,145844578
ddv2Uj,0.947582,1136,142174366,150039106
aKpxhF,0.966795,1206,152660686,157903846
ddv2Uj,0.951006,1216,152660686,160525426
aKpxhF,0.954011,1296,163147006,171011746
ddv2Uj,0.954011,1296,163147006,171011746
aKpxhF,0.956668,1376,173633326,181498066
ddv2Uj,0.938575,1410,176254906,187789858
aKpxhF,0.959257,1464,185168278,193033018
ddv2Uj,0.934753,1504,187789858,200897758
aKpxhF,0.974885,1594,203519338,208762498
ddv2Uj,0.927389,1614,200897758,216627238
aKpxhF,0.988043,1684,216627238,219248818
ddv2Uj,0.941198,1705,214005658,227375716
aKpxhF,0.988768,1792,230783770,233405350
ddv2Uj,0.944225,1834,230783770,244415986
aKpxhF,0.986219,1895,243891670,247299724
ddv2Uj,0.947017,1969,248348356,262242730
aKpxhF,0.990003,2012,259621150,262242730
ddv2Uj,0.956910,2065,261980572,273777682
aKpxhF,0.986721,2116,272729050,276399262
ddv2Uj,0.954310,2160,273777682,286885582
aKpxhF,0.972834,2200,281642422,289507162
ddv2Uj,0.952562,2244,284264002,298420534
aKpxhF,0.982522,2290,294750322,299993482
ddv2Uj,0.956974,2341,297371902,310741960
aKpxhF,0.966508,2370,302615062,313101382
ddv2Uj,0.964179,2434,310479802,322014754
aKpxhF,0.964468,2454,313101382,324636334
ddv2Uj,0.968462,2518,322014754,332501074
aKpxhF,0.961489,2568,327257914,340365814
ddv2Uj,0.975579,2610,335122654,343511710
aKpxhF,0.957237,2676,340365814,355570978
ddv2Uj,0.976442,2706,347706238,356095294
aKpxhF,0.971188,2758,353473714,363960034
ddv2Uj,0.982886,2802,361338454,367630246
aKpxhF,0.978220,2837,365008666,373135564
ddv2Uj,0.979343,2896,372873406,380738146
aKpxhF,0.972832,2926,375494986,385981306
ddv2Uj,0.979897,2976,383359726,391224466
aKpxhF,0.974195,3005,385981306,396205468
ddv2Uj,0.974065,3066,393846046,404332366
aKpxhF,0.980674,3096,399089206,406953946
ddv2Uj,0.977936,3159,406691788,415867318
aKpxhF,0.987392,3174,410624158,415867318
ddv2Uj,0.969444,3244,415867318,428975218
aKpxhF,0.984675,3259,421110478,427664428
ddv2Uj,0.975094,3352,431072482,442083118
aKpxhF,0.994035,3364,436839958,439461538
ddv2Uj,0.971763,3443,442083118,454928860
aKpxhF,0.988415,3454,447326278,452569438
ddv2Uj,0.977306,3544,455191018,465760958
aKpxhF,0.988705,3562,458944850,464188010
ddv2Uj,0.978150,3662,469431170,479917490
aKpxhF,0.994477,3652,472052750,474674330
ddv2Uj,0.975618,3768,482539070,494598338
aKpxhF,0.997306,3747,485160650,486471440
ddv2Uj,0.978155,3844,493025390,504036026
aKpxhF,1.000000,3822,495646970,495646970
ddv2Uj,0.981138,3927,504560342,514260188
aKpxhF,0.995861,3898,504560342,506657606
ddv2Uj,0.983456,3997,514260188,522911402
aKpxhF,1.000000,3990,517668242,517668242
ddv2Uj,0.985183,4060,522911402,530776142
aKpxhF,1.000000,4050,525532982,525532982
ddv2Uj,0.990313,4150,536019302,541262462
aKpxhF,1.000000,4090,530776142,530776142
ddv2Uj,0.990360,4170,538640882,543884042
aKpxhF,1.000000,4110,533397722,533397722
ddv2Uj,0.990360,4170,538640882,543884042
aKpxhF,1.000000,4110,533397722,533397722
ddv2Uj,0.990360,4170,538640882,543884042
aKpxhF,0.995109,4120,533397722,536019302
ddv2Uj,0.985609,4180,538640882,546505622
aKpxhF,0.995109,4120,533397722,536019302
ddv2Uj,0.985609,4180,538640882,546505622
aKpxhF,0.995109,4120,533397722,536019302
ddv2Uj,0.985609,4180,538640882,546505622
aKpxhF,1.000000,4130,536019302,536019302
ddv2Uj,0.990406,4190,541262462,546505622
aKpxhF,1.000000,4130,536019302,536019302
ddv2Uj,0.990406,4190,541262462,546505622
aKpxhF,1.000000,4130,536019302,536019302
ddv2Uj,0.990406,4190,541262462,546505622
aKpxhF,1.000000,4130,536019302,536019302
ddv2Uj,0.990406,4190,541262462,546505622
aKpxhF,1.000000,4130,536019302,536019302
ddv2Uj,0.990406,4190,541262462,546505622
aKpxhF,1.000000,4130,536019302,536019302
ddv2Uj,0.988509,4194,541262462,547554254
aKpxhF,0.995133,4140,536019302,538640882
ddv2Uj,0.988509,4194,541262462,547554254
aKpxhF,0.995133,4140,536019302,538640882
ddv2Uj,0.988509,4194,541262462,547554254
aKpxhF,0.997080,4144,537067934,538640882
ddv2Uj,0.993297,4204,543884042,547554254
aKpxhF,1.000000,4150,538640882,538640882
ddv2Uj,0.993297,4204,543884042,547554254
aKpxhF,1.000000,4150,538640882,538640882
ddv2Uj,0.993297,4204,543884042,547554254
aKpxhF,1.000000,4150,538640882,538640882
ddv2Uj,0.993297,4204,543884042,547554254
aKpxhF,0.995157,4160,538640882,541262462
ddv2Uj,0.988564,4214,543884042,550175834
aKpxhF,0.995157,4160,538640882,541262462
ddv2Uj,0.988564,4214,543884042,550175834
aKpxhF,0.995157,4160,538640882,541262462
ddv2Uj,0.988564,4214,543884042,550175834
aKpxhF,1.000000,4170,541262462,541262462
ddv2Uj,0.988564,4214,543884042,550175834
aKpxhF,1.000000,4170,541262462,541262462
ddv2Uj,0.988564,4214,543884042,550175834
aKpxhF,1.000000,4170,541262462,541262462
ddv2Uj,0.993329,4224,546505622,550175834
aKpxhF,1.000000,4170,541262462,541262462
ddv2Uj,0.988618,4234,546505622,552797414
aKpxhF,1.000000,4170,541262462,541262462
ddv2Uj,0.988618,4234,546505622,552797414
aKpxhF,0.995180,4180,541262462,543884042
ddv2Uj,0.988618,4234,546505622,552797414
aKpxhF,1.000000,4190,543884042,543884042
ddv2Uj,0.988618,4234,546505622,552797414
aKpxhF,1.000000,4190,543884042,543884042
ddv2Uj,0.988618,4234,546505622,552797414
aKpxhF,1.000000,4190,543884042,543884042
ddv2Uj,0.988618,4234,546505622,552797414
aKpxhF,1.000000,4190,543884042,543884042
ddv2Uj,0.988618,4234,546505622,552797414
aKpxhF,1.000000,4190,543884042,543884042
ddv2Uj,0.988618,4234,546505622,552797414
aKpxhF,1.000000,4190,543884042,543884042
ddv2Uj,0.988618,4234,546505622,552797414
aKpxhF,1.000000,4190,543884042,543884042
ddv2Uj,0.985840,4248,547554254,555418994
aKpxhF,0.995203,4200,543884042,546505622
ddv2Uj,0.985840,4248,547554254,555418994
aKpxhF,0.995203,4200,543884042,546505622
ddv2Uj,0.985840,4248,547554254,555418994
aKpxhF,0.995203,4200,543884042,546505622
ddv2Uj,0.985840,4248,547554254,555418994
aKpxhF,1.000000,4210,546505622,546505622
ddv2Uj,0.985840,4248,547554254,555418994
aKpxhF,1.000000,4210,546505622,546505622
ddv2Uj,0.985840,4248,547554254,555418994
aKpxhF,1.000000,4210,546505622,546505622
ddv2Uj,0.990560,4258,550175834,555418994
aKpxhF,1.000000,4210,546505622,546505622
ddv2Uj,0.985907,4268,550175834,558040574
aKpxhF,1.000000,4218,547554254,547554254
ddv2Uj,0.985907,4268,550175834,558040574
aKpxhF,1.000000,4218,547554254,547554254
ddv2Uj,0.985907,4268,550175834,558040574
aKpxhF,1.000000,4218,547554254,547554254
ddv2Uj,0.985907,4268,550175834,558040574
aKpxhF,1.000000,4218,547554254,547554254
ddv2Uj,0.987475,4325,558040574,565118840
aKpxhF,1.000000,4338,563283734,563283734
ddv2Uj,0.990985,4458,576391634,581634794
aKpxhF,1.000000,4446,577440266,577440266
ddv2Uj,0.993840,4572,592121114,595791326
aKpxhF,0.998232,4562,592121114,593169746
ddv2Uj,0.995695,4676,606277646,608899226
aKpxhF,0.991352,4646,601034486,606277646
ddv2Uj,0.989859,4750,614142386,620434178
aKpxhF,0.991921,4725,611520806,616501808
ddv2Uj,0.995838,4836,627250286,629871866
aKpxhF,0.989573,4811,622007126,628561076
ddv2Uj,0.995913,4924,638785238,641406818
aKpxhF,0.994254,4900,635115026,638785238
ddv2Uj,0.993581,5010,649271558,653466086
aKpxhF,0.991957,4994,646649978,651893138
ddv2Uj,0.990144,5089,658447088,665001038
aKpxhF,0.990897,5071,656349824,662379458
ddv2Uj,0.988357,5164,667622618,675487358
aKpxhF,0.992238,5174,670244198,675487358
ddv2Uj,0.993116,5252,680730518,685449362
aKpxhF,0.990842,5258,680730518,687022310
ddv2Uj,0.989508,5350,692265470,699605894
aKpxhF,0.985814,5360,692265470,702227474
ddv2Uj,0.988973,5452,705373370,713238110
aKpxhF,0.987884,5455,705373370,714024584
ddv2Uj,0.989172,5552,718481270,726346010
aKpxhF,0.988815,5553,718481270,726608168
ddv2Uj,0.985120,5644,728967590,739978226
aKpxhF,0.988639,5642,730016222,738405278
ddv2Uj,0.986037,5730,740502542,750988862
aKpxhF,0.991974,5749,745221386,751251020
ddv2Uj,0.985297,5847,755445548,766718342
aKpxhF,0.989021,5838,755707706,764096762
ddv2Uj,0.988170,5923,766456184,775631714
aKpxhF,0.988547,5944,769339922,778253294
ddv2Uj,0.983094,6023,777466820,790836878
aKpxhF,0.986749,6038,780874874,791361194
ddv2Uj,0.980447,6118,788739614,804469094
aKpxhF,0.980511,6138,791361194,807090674
ddv2Uj,0.980509,6239,804469094,820460732
aKpxhF,0.982817,6272,809712254,823868786
ddv2Uj,0.982107,6355,820198574,835141580
aKpxhF,0.983763,6394,825966050,839598266
ddv2Uj,0.982460,6483,836976686,851919692
aKpxhF,0.984580,6476,836976686,850084586
ddv2Uj,0.984768,6556,847463006,860570906
aKpxhF,0.981778,6566,847463006,863192486
ddv2Uj,0.986473,6649,860308748,872105858
aKpxhF,0.980819,6650,857949326,874727438
ddv2Uj,0.985104,6704,866862698,879970598
aKpxhF,0.983317,6698,865289750,879970598
ddv2Uj,0.985280,6784,877349018,890456918
aKpxhF,0.980027,6782,874727438,892554182
ddv2Uj,0.980906,6888,888883970,906186398
aKpxhF,0.980299,6876,887048864,904875608
ddv2Uj,0.983105,6975,900943238,916426660
aKpxhF,0.983338,6954,898321658,913542922
ddv2Uj,0.979987,7073,912216032,930845350
aKpxhF,0.984122,7048,910905242,925602190
ddv2Uj,0.980559,7176,925602190,943953250
aKpxhF,0.979948,7154,922456294,941331670
ddv2Uj,0.981901,7272,938710090,956012518
aKpxhF,0.980720,7236,933466930,951817990
ddv2Uj,0.985345,7360,951817990,965974522
aKpxhF,0.985305,7340,949196410,963352942
ddv2Uj,0.985782,7447,963352942,977247316
aKpxhF,0.983891,7434,960731362,976460842
ddv2Uj,0.986754,7544,976460842,989568742
aKpxhF,0.984062,7514,971217682,986947162
ddv2Uj,0.989333,7635,989568742,1000237860
aKpxhF,0.986893,7624,986947162,1000055062
ddv2Uj,1.000000,7676,1000237860,1000237860
aKpxhF,1.000000,7676,1000237860,1000237860
