id,debt_ratio,exchanges,bytes_sent,bytes_received
Z7SwXy,0.000000,0,0,0
ZtVqUS,1.794828,53,5327890,2968468
Z7SwXy,1.659561,102,13192630,7949470
ZtVqUS,1.142201,172,21057370,18435790
Z7SwXy,1.123148,211,26300530,23416792
ZtVqUS,1.166219,282,36786850,31543690
Z7SwXy,1.213792,332,44651590,36786850
ZtVqUS,1.114729,390,50943382,45700222
Z7SwXy,1.217010,430,58808122,48321802
ZtVqUS,1.130644,478,63526966,56186542
Z7SwXy,1.178314,510,69294442,58808122
ZtVqUS,1.090456,576,75848392,69556600
Z7SwXy,1.138523,608,81878026,71916022
ZtVqUS,1.063629,670,87645502,82402342
Z7SwXy,1.104834,704,93937294,85023922
ZtVqUS,1.027150,768,99180454,96558874
Z7SwXy,1.084165,789,104685772,96558874
ZtVqUS,1.024490,848,109666774,107045194
Z7SwXy,1.076863,886,117531514,109142458
ZtVqUS,1.000000,958,122774674,122774674
Z7SwXy,1.056238,972,128017834,121201726
ZtVqUS,0.992342,1062,135882574,136931206
Z7SwXy,1.061738,1090,144271630,135882574
ZtVqUS,0.965055,1146,144795946,150039106
Z7SwXy,1.075142,1126,150039106,139552786
ZtVqUS,0.965655,1166,147417526,152660686
Z7SwXy,1.075142,1126,150039106,139552786
ZtVqUS,0.965655,1166,147417526,152660686
Z7SwXy,1.075142,1126,150039106,139552786
ZtVqUS,0.965655,1166,147417526,152660686
Z7SwXy,1.075142,1126,150039106,139552786
ZtVqUS,0.965655,1166,147417526,152660686
Z7SwXy,1.055318,1136,150039106,142174366
ZtVqUS,0.965655,1166,147417526,152660686
Z7SwXy,1.055318,1136,150039106,142174366
ZtVqUS,0.965655,1166,147417526,152660686
Z7SwXy,1.055318,1136,150039106,142174366
ZtVqUS,0.965655,1166,147417526,152660686
Z7SwXy,1.055318,1136,150039106,142174366
ZtVqUS,0.982827,1176,150039106,152660686
Z7SwXy,1.073757,1146,152660686,142174366
ZtVqUS,0.966235,1186,150039106,155282266
Z7SwXy,1.073757,1146,152660686,142174366
ZtVqUS,0.966235,1186,150039106,155282266
Z7SwXy,1.067850,1149,152660686,142960840
ZtVqUS,0.976089,1261,160525426,164457796
Z7SwXy,1.062059,1284,170487430,160525426
ZtVqUS,0.984111,1395,178614328,181498066
Z7SwXy,1.050571,1400,185168278,176254906
ZtVqUS,0.968844,1538,195654598,201946390
Z7SwXy,1.061871,1521,202470706,190673596
ZtVqUS,0.961368,1646,208762498,217151554
Z7SwXy,1.051525,1614,214005658,203519338
ZtVqUS,0.961378,1748,221870398,230783770
Z7SwXy,1.062246,1711,228162190,214792132
ZtVqUS,0.967403,1832,233405350,241270090
Z7SwXy,1.053098,1800,239172826,227113558
ZtVqUS,0.979174,1922,246513250,251756410
Z7SwXy,1.055536,1872,249134830,236026930
ZtVqUS,0.980006,2002,256999570,262242730
Z7SwXy,1.061550,1964,262242730,247037566
ZtVqUS,0.988465,2090,269583154,272729050
Z7SwXy,1.043986,2066,273777682,262242730
ZtVqUS,0.990862,2200,284264002,286885582
Z7SwXy,1.061519,2166,289507162,272729050
ZtVqUS,1.000000,2290,297371902,297371902
Z7SwXy,1.071934,2268,304712326,284264002
ZtVqUS,0.997452,2373,307858222,308644696
Z7SwXy,1.061711,2360,315722962,297371902
ZtVqUS,0.988509,2444,315722962,319393174
Z7SwXy,1.054039,2454,327257914,310479802
ZtVqUS,0.996831,2542,329879494,330928126
Z7SwXy,1.065664,2538,340365814,319393174
ZtVqUS,0.986326,2636,340365814,345084658
Z7SwXy,1.071524,2628,353473714,329879494
ZtVqUS,0.992638,2728,353473714,356095294
Z7SwXy,1.072401,2712,365008666,340365814
ZtVqUS,0.997127,2802,363960034,365008666
Z7SwXy,1.085822,2792,378116566,348230554
ZtVqUS,1.004189,2892,377067934,375494986
Z7SwXy,1.098651,2872,391224466,356095294
ZtVqUS,1.006792,2976,388602886,385981306
Z7SwXy,1.105352,2959,404332366,365795140
ZtVqUS,1.002617,3082,401710786,400662154
Z7SwXy,1.108216,3041,416129476,375494986
ZtVqUS,1.012769,3174,415867318,410624158
Z7SwXy,1.110709,3129,428713060,385981306
ZtVqUS,1.011136,3272,428450902,423732058
Z7SwXy,1.101161,3220,439461538,399089206
ZtVqUS,1.008922,3399,444704698,440772328
Z7SwXy,1.102806,3294,449947858,408002578
ZtVqUS,1.011090,3467,454142386,449161384
Z7SwXy,1.096672,3378,458944850,418488898
ZtVqUS,1.020108,3557,465498800,456323270
Z7SwXy,1.098336,3452,469431170,427402270
ZtVqUS,1.011107,3662,477295910,472052750
Z7SwXy,1.101918,3523,479917490,435529168
ZtVqUS,1.016299,3752,490403810,482539070
Z7SwXy,1.106930,3584,489355178,442083118
ZtVqUS,1.012694,3846,501938762,495646970
Z7SwXy,1.105489,3670,500890130,453093754
ZtVqUS,1.025979,3940,517668242,504560342
Z7SwXy,1.109565,3776,515046662,464188010
ZtVqUS,1.021163,4052,531300458,520289822
Z7SwXy,1.110027,3857,526319456,474150014
ZtVqUS,1.026087,4157,546505622,532611248
Z7SwXy,1.106139,3930,535494986,484112018
ZtVqUS,1.023181,4230,555418994,542835410
Z7SwXy,1.102028,4017,546505622,495909128
ZtVqUS,1.020325,4315,565905314,554632520
Z7SwXy,1.095108,4094,555418994,507181922
ZtVqUS,1.023163,4408,579013214,565905314
Z7SwXy,1.097739,4183,568264736,517668242
ZtVqUS,1.022638,4508,592121114,579013214
Z7SwXy,1.097930,4261,579013214,527368088
ZtVqUS,1.021694,4607,604966856,592121114
Z7SwXy,1.094420,4344,589499534,538640882
ZtVqUS,1.021373,4675,613880228,601034486
Z7SwXy,1.095277,4417,599723696,547554254
ZtVqUS,1.021253,4796,629871866,616763966
Z7SwXy,1.091733,4510,611520806,560137838
ZtVqUS,1.017539,4872,638785238,627774602
Z7SwXy,1.089871,4552,616763966,565905314
ZtVqUS,1.014151,4880,638785238,629871866
Z7SwXy,1.089871,4552,616763966,565905314
ZtVqUS,1.014151,4880,638785238,629871866
Z7SwXy,1.089871,4552,616763966,565905314
ZtVqUS,1.014151,4880,638785238,629871866
Z7SwXy,1.089871,4552,616763966,565905314
ZtVqUS,1.018313,4890,641406818,629871866
Z7SwXy,1.089871,4552,616763966,565905314
ZtVqUS,1.018313,4890,641406818,629871866
Z7SwXy,1.089871,4552,616763966,565905314
ZtVqUS,1.017890,4891,641406818,630134024
Z7SwXy,1.089871,4552,616763966,565905314
ZtVqUS,1.014092,4900,641406818,632493446
Z7SwXy,1.089457,4572,619385546,568526894
ZtVqUS,1.014092,4900,641406818,632493446
Z7SwXy,1.089457,4572,619385546,568526894
ZtVqUS,1.014092,4900,641406818,632493446
Z7SwXy,1.089457,4572,619385546,568526894
ZtVqUS,1.014092,4900,641406818,632493446
Z7SwXy,1.089457,4572,619385546,568526894
ZtVqUS,1.014092,4900,641406818,632493446
Z7SwXy,1.089457,4572,619385546,568526894
ZtVqUS,1.018237,4910,644028398,632493446
Z7SwXy,1.089457,4572,619385546,568526894
ZtVqUS,1.014034,4920,644028398,635115026
Z7SwXy,1.089374,4576,619909862,569051210
ZtVqUS,1.014034,4920,644028398,635115026
Z7SwXy,1.089046,4592,622007126,571148474
ZtVqUS,1.014034,4920,644028398,635115026
Z7SwXy,1.089046,4592,622007126,571148474
ZtVqUS,1.014034,4920,644028398,635115026
Z7SwXy,1.089046,4592,622007126,571148474
ZtVqUS,1.013977,4940,646649978,637736606
Z7SwXy,1.089046,4592,622007126,571148474
ZtVqUS,1.013977,4940,646649978,637736606
Z7SwXy,1.089505,4593,622269284,571148474
ZtVqUS,1.013977,4940,646649978,637736606
Z7SwXy,1.088639,4612,624628706,573770054
ZtVqUS,1.013977,4940,646649978,637736606
Z7SwXy,1.088639,4612,624628706,573770054
ZtVqUS,1.013977,4940,646649978,637736606
Z7SwXy,1.088639,4612,624628706,573770054
ZtVqUS,1.018087,4950,649271558,637736606
Z7SwXy,1.088639,4612,624628706,573770054
ZtVqUS,1.016416,4954,649271558,638785238
Z7SwXy,1.088639,4612,624628706,573770054
ZtVqUS,1.016416,4954,649271558,638785238
Z7SwXy,1.088236,4632,627250286,576391634
ZtVqUS,1.016416,4954,649271558,638785238
Z7SwXy,1.088236,4632,627250286,576391634
ZtVqUS,1.016416,4954,649271558,638785238
Z7SwXy,1.088236,4632,627250286,576391634
ZtVqUS,1.016349,4974,651893138,641406818
Z7SwXy,1.088236,4632,627250286,576391634
ZtVqUS,1.016349,4974,651893138,641406818
Z7SwXy,1.087742,4633,627250286,576653792
ZtVqUS,1.016349,4974,651893138,641406818
Z7SwXy,1.087837,4652,629871866,579013214
ZtVqUS,1.016349,4974,651893138,641406818
Z7SwXy,1.087837,4652,629871866,579013214
ZtVqUS,1.016349,4974,651893138,641406818
Z7SwXy,1.087837,4652,629871866,579013214
ZtVqUS,1.016349,4974,651893138,641406818
Z7SwXy,1.087837,4652,629871866,579013214
ZtVqUS,1.016282,4994,654514718,644028398
Z7SwXy,1.087837,4652,629871866,579013214
ZtVqUS,1.016282,4994,654514718,644028398
Z7SwXy,1.087837,4652,629871866,579013214
ZtVqUS,1.016282,4994,654514718,644028398
Z7SwXy,1.087837,4652,629871866,579013214
ZtVqUS,1.016282,4994,654514718,644028398
Z7SwXy,1.082934,4662,629871866,581634794
ZtVqUS,1.016282,4994,654514718,644028398
Z7SwXy,1.087441,4672,632493446,581634794
ZtVqUS,1.016282,4994,654514718,644028398
Z7SwXy,1.087441,4672,632493446,581634794
ZtVqUS,1.016282,4994,654514718,644028398
Z7SwXy,1.087441,4672,632493446,581634794
ZtVqUS,1.016216,5014,657136298,646649978
Z7SwXy,1.087441,4672,632493446,581634794
ZtVqUS,1.016216,5014,657136298,646649978
Z7SwXy,1.087441,4672,632493446,581634794
ZtVqUS,1.016216,5014,657136298,646649978
Z7SwXy,1.084356,4686,633542078,584256374
ZtVqUS,1.014047,5059,662379458,653203928
Z7SwXy,1.085740,4760,644028398,593169746
ZtVqUS,1.015769,5154,675487358,665001038
Z7SwXy,1.082157,4856,656087666,606277646
ZtVqUS,1.011125,5283,690954680,683352098
Z7SwXy,1.079370,4966,670244198,620958494
ZtVqUS,1.009379,5397,705373370,698819420
Z7SwXy,1.076265,5050,680730518,632493446
ZtVqUS,1.010330,5490,717956954,710616530
Z7SwXy,1.075769,5109,688595258,640096028
ZtVqUS,1.014595,5562,728967590,718481270
Z7SwXy,1.077897,5189,700130210,649533716
ZtVqUS,1.012184,5656,740502542,731589170
Z7SwXy,1.079868,5275,712451636,659757878
ZtVqUS,1.014062,5770,756232022,745745702
Z7SwXy,1.079823,5356,723462272,669982040
ZtVqUS,1.011746,5864,767766974,758853602
Z7SwXy,1.078178,5437,733948592,680730518
ZtVqUS,1.014603,5973,783234296,771961502
Z7SwXy,1.077400,5516,744434912,690954680
ZtVqUS,1.013384,6058,793982774,783496454
Z7SwXy,1.082721,5605,758329286,700392368
ZtVqUS,1.015838,6150,807090674,794507090
Z7SwXy,1.082637,5686,769339922,710616530
ZtVqUS,1.015252,6251,820198574,807877148
Z7SwXy,1.082890,5770,780874874,721102850
ZtVqUS,1.016658,6336,831995684,818363468
Z7SwXy,1.084781,5844,791623352,729754064
ZtVqUS,1.020869,6432,846414374,829111946
Z7SwXy,1.084612,5929,803158304,740502542
ZtVqUS,1.018676,6526,857949326,842219846
Z7SwXy,1.084100,6013,814431098,751251020
ZtVqUS,1.019003,6628,871581542,855327746
Z7SwXy,1.080821,6091,823868786,762261656
ZtVqUS,1.019378,6710,882592178,865814066
Z7SwXy,1.079073,6167,833568632,772485818
ZtVqUS,1.020916,6804,895700078,877349018
Z7SwXy,1.074281,6240,841695530,783496454
ZtVqUS,1.019165,6889,906186398,889146128
Z7SwXy,1.070989,6313,850346744,793982774
ZtVqUS,1.015731,6970,915115870,900943238
Z7SwXy,1.069966,6372,857949326,801847514
ZtVqUS,1.015685,6990,917737450,903564818
Z7SwXy,1.069966,6372,857949326,801847514
ZtVqUS,1.015685,6990,917737450,903564818
Z7SwXy,1.069966,6372,857949326,801847514
ZtVqUS,1.015685,6990,917737450,903564818
Z7SwXy,1.069966,6372,857949326,801847514
ZtVqUS,1.015685,6990,917737450,903564818
Z7SwXy,1.069966,6372,857949326,801847514
ZtVqUS,1.015685,6990,917737450,903564818
Z7SwXy,1.069738,6392,860570906,804469094
ZtVqUS,1.015640,7010,920359030,906186398
Z7SwXy,1.069738,6392,860570906,804469094
ZtVqUS,1.015640,7010,920359030,906186398
Z7SwXy,1.069738,6392,860570906,804469094
ZtVqUS,1.015640,7010,920359030,906186398
Z7SwXy,1.069738,6392,860570906,804469094
ZtVqUS,1.015640,7010,920359030,906186398
Z7SwXy,1.069738,6392,860570906,804469094
ZtVqUS,1.015640,7010,920359030,906186398
Z7SwXy,1.069738,6392,860570906,804469094
ZtVqUS,1.015640,7010,920359030,906186398
Z7SwXy,1.069738,6392,860570906,804469094
ZtVqUS,1.015595,7030,922980610,908807978
Z7SwXy,1.069511,6412,863192486,807090674
ZtVqUS,1.015595,7030,922980610,908807978
Z7SwXy,1.069511,6412,863192486,807090674
ZtVqUS,1.015595,7030,922980610,908807978
Z7SwXy,1.069511,6412,863192486,807090674
ZtVqUS,1.015595,7030,922980610,908807978
Z7SwXy,1.069511,6412,863192486,807090674
ZtVqUS,1.015595,7030,922980610,908807978
Z7SwXy,1.069511,6412,863192486,807090674
ZtVqUS,1.015595,7030,922980610,908807978
Z7SwXy,1.069511,6412,863192486,807090674
ZtVqUS,1.015595,7030,922980610,908807978
Z7SwXy,1.069511,6412,863192486,807090674
ZtVqUS,1.015595,7030,922980610,908807978
Z7SwXy,1.069511,6412,863192486,807090674
ZtVqUS,1.012674,7040,922980610,911429558
Z7SwXy,1.069286,6432,865814066,809712254
ZtVqUS,1.015550,7050,925602190,911429558
Z7SwXy,1.070127,6476,872105858,814955414
ZtVqUS,1.019882,7156,941331670,922980610
Z7SwXy,1.067665,6580,885213758,829111946
ZtVqUS,1.017824,7290,958109782,941331670
Z7SwXy,1.070036,6691,901205396,842219846
ZtVqUS,1.014792,7400,971217682,957061150
Z7SwXy,1.066836,6786,912494290,855327746
ZtVqUS,1.017047,7499,985374214,968858260
Z7SwXy,1.069504,6863,924029242,863978960
ZtVqUS,1.014127,7601,997433482,983539108
Z7SwXy,1.069570,6946,935302036,874465280
ZtVqUS,1.002812,7665,1000237860,997433482
Z7SwXy,1.067932,7046,948147778,887835338
ZtVqUS,1.000000,7676,1000237860,1000237860
Z7SwXy,1.068028,7158,963352942,901991870
ZtVqUS,1.000000,7676,1000237860,1000237860
Z7SwXy,1.066006,7275,978033790,917475292
ZtVqUS,1.000000,7676,1000237860,1000237860
Z7SwXy,1.065156,7398,994287586,933466930
ZtVqUS,1.000000,7676,1000237860,1000237860
Z7SwXy,1.045114,7511,1000237860,957061150
ZtVqUS,1.000000,7676,1000237860,1000237860
