id,debt_ratio,exchanges,bytes_sent,bytes_received
buhVjc,0.000000,0,0,0
cLTq8k,0.504008,82,5327890,10571050
buhVjc,1.357688,140,17911474,13192630
cLTq8k,0.800586,220,23154634,28922110
buhVjc,1.155502,257,33116638,28659952
cLTq8k,0.869794,366,42030010,48321802
buhVjc,1.082197,376,48321802,44651590
cLTq8k,0.914648,470,56186542,61429702
buhVjc,1.044579,480,61429702,58808122
cLTq8k,0.926140,569,69032284,74537602
buhVjc,1.036453,580,74537602,71916022
cLTq8k,0.902171,663,79780762,88431976
buhVjc,0.990835,673,85023922,85810396
cLTq8k,0.945921,777,96296716,101802034
buhVjc,1.026432,788,101802034,99180454
cLTq8k,0.954372,878,109666774,114909934
buhVjc,1.023347,888,114909934,112288354
cLTq8k,0.983205,966,122774674,124871938
buhVjc,1.025246,984,127755676,124609780
cLTq8k,0.973197,1052,133260994,136931206
buhVjc,1.015316,1074,139028470,136931206
cLTq8k,0.948482,1156,144795946,152660686
buhVjc,1.000000,1166,150039106,150039106
cLTq8k,0.964762,1248,157903846,163671322
buhVjc,1.016331,1256,163147006,160525426
cLTq8k,0.968341,1327,168390166,173895484
buhVjc,1.006132,1330,172060378,171011746
cLTq8k,0.963190,1408,178352170,185168278
buhVjc,1.014158,1444,187789858,185168278
cLTq8k,0.959012,1503,190149280,198276178
buhVjc,1.003982,1531,198276178,197489704
cLTq8k,0.968606,1589,202208548,208762498
buhVjc,1.012717,1604,208762498,206140918
cLTq8k,0.974920,1675,214005658,219510976
buhVjc,1.011957,1704,221870398,219248818
cLTq8k,0.972737,1758,224491978,230783770
buhVjc,1.011359,1792,233405350,230783770
cLTq8k,0.978268,1842,236026930,241270090
buhVjc,1.010866,1872,243891670,241270090
cLTq8k,0.985452,1932,248610514,252280726
buhVjc,1.007267,1955,254377990,252542884
cLTq8k,0.990003,2012,259621150,262242730
buhVjc,1.009898,2052,267485890,264864310
cLTq8k,0.996170,2106,272729050,273777682
buhVjc,1.000000,2150,279020842,279020842
cLTq8k,0.999094,2229,289245004,289507162
buhVjc,1.008974,2260,294750322,292128742
cLTq8k,1.000000,2330,302615062,302615062
buhVjc,1.000000,2350,305236642,305236642
cLTq8k,1.001663,2428,315722962,315198646
buhVjc,0.997529,2447,317558068,318344542
cLTq8k,1.016151,2518,329879494,324636334
buhVjc,0.999206,2539,329879494,330141652
cLTq8k,1.015645,2598,340365814,335122654
buhVjc,0.993885,2630,340890130,342987394
cLTq8k,1.013531,2700,353473714,348754870
buhVjc,0.997780,2721,353473714,354260188
cLTq8k,1.007981,2789,364222192,361338454
buhVjc,1.000718,2807,365270824,365008666
cLTq8k,0.998609,2896,376543618,377067934
buhVjc,1.006982,2896,378116566,375494986
cLTq8k,0.998007,3029,393846046,394632520
buhVjc,1.004010,3020,393846046,392273098
cLTq8k,1.000000,3174,413245738,413245738
buhVjc,1.002560,3150,410624158,409575526
cLTq8k,1.006111,3304,431596798,428975218
buhVjc,1.001247,3232,421110478,420586162
cLTq8k,1.002372,3398,443131750,442083118
buhVjc,1.003665,3302,430810324,429237376
cLTq8k,1.005207,3487,455453176,453093754
buhVjc,1.001790,3377,440248012,439461538
cLTq8k,1.001124,3600,466809590,466285274
buhVjc,1.000580,3473,452569438,452307280
cLTq8k,1.003288,3696,479917490,478344542
buhVjc,1.005712,3552,461566430,458944850
cLTq8k,1.000000,3782,490403810,490403810
buhVjc,1.003911,3627,471004118,469169012
cLTq8k,1.002094,3866,501938762,500890130
buhVjc,1.004375,3706,481490438,479393174
cLTq8k,1.000000,3970,515046662,515046662
buhVjc,1.005404,3752,487782230,485160650
cLTq8k,1.000000,4010,520289822,520289822
buhVjc,1.010749,3782,493025390,487782230
cLTq8k,1.000000,4030,522911402,522911402
buhVjc,1.005346,3792,493025390,490403810
cLTq8k,1.000000,4030,522911402,522911402
buhVjc,1.005346,3792,493025390,490403810
cLTq8k,1.000000,4030,522911402,522911402
buhVjc,1.005346,3792,493025390,490403810
cLTq8k,1.000000,4030,522911402,522911402
buhVjc,1.005317,3812,495646970,493025390
cLTq8k,1.000000,4050,525532982,525532982
buhVjc,1.005317,3812,495646970,493025390
cLTq8k,1.000000,4050,525532982,525532982
buhVjc,1.005317,3812,495646970,493025390
cLTq8k,1.000000,4050,525532982,525532982
buhVjc,1.005317,3812,495646970,493025390
cLTq8k,1.000000,4050,525532982,525532982
buhVjc,1.005317,3812,495646970,493025390
cLTq8k,1.000000,4050,525532982,525532982
buhVjc,1.005317,3812,495646970,493025390
cLTq8k,1.000000,4050,525532982,525532982
buhVjc,1.005317,3812,495646970,493025390
cLTq8k,1.000000,4050,525532982,525532982
buhVjc,1.005317,3812,495646970,493025390
cLTq8k,1.000000,4050,525532982,525532982
buhVjc,1.005317,3812,495646970,493025390
cLTq8k,1.000000,4050,525532982,525532982
buhVjc,1.000000,3822,495646970,495646970
cLTq8k,1.000000,4050,525532982,525532982
buhVjc,1.005289,3832,498268550,495646970
cLTq8k,1.000000,4070,528154562,528154562
buhVjc,1.005289,3832,498268550,495646970
cLTq8k,1.000000,4070,528154562,528154562
buhVjc,1.005289,3832,498268550,495646970
cLTq8k,1.000000,4070,528154562,528154562
buhVjc,1.005289,3832,498268550,495646970
cLTq8k,1.000000,4070,528154562,528154562
buhVjc,1.005289,3832,498268550,495646970
cLTq8k,1.000000,4070,528154562,528154562
buhVjc,1.005289,3832,498268550,495646970
cLTq8k,1.000000,4070,528154562,528154562
buhVjc,1.005289,3832,498268550,495646970
cLTq8k,1.000000,4070,528154562,528154562
buhVjc,1.005289,3832,498268550,495646970
cLTq8k,1.000000,4070,528154562,528154562
buhVjc,1.000000,3842,498268550,498268550
cLTq8k,0.999012,4088,530251826,530776142
buhVjc,1.005261,3852,500890130,498268550
cLTq8k,1.000000,4090,530776142,530776142
buhVjc,1.005261,3852,500890130,498268550
cLTq8k,1.000000,4090,530776142,530776142
buhVjc,1.005261,3852,500890130,498268550
cLTq8k,1.000000,4090,530776142,530776142
buhVjc,1.005261,3852,500890130,498268550
cLTq8k,1.000000,4090,530776142,530776142
buhVjc,1.005261,3852,500890130,498268550
cLTq8k,1.000000,4090,530776142,530776142
buhVjc,1.002098,3858,500890130,499841498
cLTq8k,1.000000,4090,530776142,530776142
buhVjc,1.000000,3862,500890130,500890130
cLTq8k,1.000000,4090,530776142,530776142
buhVjc,1.000000,3862,500890130,500890130
cLTq8k,1.000000,4110,533397722,533397722
buhVjc,1.000000,3862,500890130,500890130
cLTq8k,1.000000,4110,533397722,533397722
buhVjc,1.002094,3866,501938762,500890130
cLTq8k,1.000000,4110,533397722,533397722
buhVjc,1.002094,3866,501938762,500890130
cLTq8k,1.000000,4110,533397722,533397722
buhVjc,1.000000,3870,501938762,501938762
cLTq8k,1.000000,4110,533397722,533397722
buhVjc,1.000000,3870,501938762,501938762
cLTq8k,1.000000,4110,533397722,533397722
buhVjc,1.000000,3870,501938762,501938762
cLTq8k,1.000000,4110,533397722,533397722
buhVjc,1.000000,3870,501938762,501938762
cLTq8k,1.000000,4110,533397722,533397722
buhVjc,1.005223,3880,504560342,501938762
cLTq8k,1.000000,4110,533397722,533397722
buhVjc,1.005223,3880,504560342,501938762
cLTq8k,1.000000,4130,536019302,536019302
buhVjc,1.005223,3880,504560342,501938762
cLTq8k,1.000000,4130,536019302,536019302
buhVjc,1.005223,3880,504560342,501938762
cLTq8k,1.000000,4130,536019302,536019302
buhVjc,1.000000,3890,504560342,504560342
cLTq8k,1.000000,4130,536019302,536019302
buhVjc,1.000000,3890,504560342,504560342
cLTq8k,1.000000,4150,538640882,538640882
buhVjc,1.005196,3900,507181922,504560342
cLTq8k,1.000000,4150,538640882,538640882
buhVjc,1.005169,3920,509803502,507181922
cLTq8k,1.004309,4227,549913676,547554254
buhVjc,1.004027,4022,522911402,520814138
cLTq8k,1.004654,4348,565905314,563283734
buhVjc,1.003424,4137,537854408,536019302
cLTq8k,1.000000,4478,581634794,581634794
buhVjc,1.000956,4228,549127202,548602886
cLTq8k,0.997791,4563,592121114,593431904
buhVjc,1.002349,4303,559351364,558040574
cLTq8k,0.993946,4652,602607434,606277646
buhVjc,1.003226,4387,570624158,568789052
cLTq8k,0.991989,4765,616763966,621744968
buhVjc,1.004528,4468,581634794,579013214
cLTq8k,0.999168,4848,629871866,630396182
buhVjc,1.004467,4528,589499534,586877954
cLTq8k,0.997961,4939,641406818,642717608
buhVjc,1.004400,4596,598412906,595791326
cLTq8k,0.998400,5038,654514718,655563350
buhVjc,1.008686,4666,608899226,603656066
cLTq8k,0.994133,5139,666311828,670244198
buhVjc,1.007251,4747,619123388,614666702
cLTq8k,0.994617,5228,678108938,681779150
buhVjc,1.002094,4821,627250286,625939496
cLTq8k,0.996213,5312,689643890,692265470
buhVjc,1.001233,4909,638523080,637736606
cLTq8k,0.992962,5421,702751790,707732792
buhVjc,1.004458,4987,649795874,646912136
cLTq8k,1.000000,5522,718481270,718481270
buhVjc,1.003989,5064,659757878,657136298
cLTq8k,0.998922,5605,728967590,729754064
buhVjc,1.006295,5140,670506356,666311828
cLTq8k,0.996825,5701,740764700,743124122
buhVjc,1.009329,5210,680730518,674438726
cLTq8k,0.998611,5798,754134758,755183390
buhVjc,1.011113,5289,691741154,684138572
cLTq8k,0.999658,5891,766718342,766980500
buhVjc,1.008677,5365,700916684,694887050
cLTq8k,1.000337,5983,779039768,778777610
buhVjc,1.008933,5438,710616530,704324738
cLTq8k,1.000000,6078,791361194,791361194
buhVjc,1.007324,5522,721102850,715859690
cLTq8k,0.999348,6176,803944778,804469094
buhVjc,1.012272,5616,735259382,726346010
cLTq8k,0.998399,6283,817576994,818887784
buhVjc,1.008143,5713,746532176,740502542
cLTq8k,1.000000,6386,831733526,831733526
buhVjc,1.007658,5808,758853602,753086126
cLTq8k,1.000000,6506,847463006,847463006
buhVjc,1.006838,5910,771961502,766718342
cLTq8k,0.999391,6604,860046590,860570906
buhVjc,1.006072,5988,781923506,777204662
cLTq8k,0.999101,6711,873940964,874727438
buhVjc,1.004977,6083,793982774,790050404
cLTq8k,1.002962,6804,887835338,885213758
buhVjc,1.003269,6168,804469094,801847514
cLTq8k,1.005854,6894,900943238,895700078
buhVjc,1.003236,6232,812858150,810236570
cLTq8k,1.003758,6990,912486552,909070136
buhVjc,1.005753,6316,824917418,820198574
cLTq8k,1.004267,7091,925602190,921669820
buhVjc,1.007286,6377,833568632,827538998
cLTq8k,1.006194,7170,936874984,931107508
buhVjc,1.007818,6461,844841426,838287476
cLTq8k,1.005554,7266,949196410,943953250
buhVjc,1.005254,6529,852706166,848249480
cLTq8k,1.005490,7350,960207046,954963886
buhVjc,1.004883,6610,863192486,858997958
cLTq8k,1.005428,7434,971217682,965974522
buhVjc,1.003015,6684,872105858,869484278
cLTq8k,1.004290,7520,981966160,977771632
buhVjc,1.002383,6762,882067862,879970598
cLTq8k,1.005034,7613,994549744,989568742
buhVjc,1.002944,6844,893078498,890456918
cLTq8k,1.000000,7676,1000237860,1000237860
buhVjc,1.005527,6935,906186398,901205396
cLTq8k,1.000000,7676,1000237860,1000237860
buhVjc,1.005713,7066,922980610,917737450
cLTq8k,1.000000,7676,1000237860,1000237860
buhVjc,1.005055,7184,938185774,933466930
cLTq8k,1.000000,7676,1000237860,1000237860
buhVjc,1.005524,7306,954439570,949196410
cLTq8k,1.000000,7676,1000237860,1000237860
buhVjc,1.003845,7340,958109782,954439570
cLTq8k,1.000000,7676,1000237860,1000237860
buhVjc,1.003835,7360,960731362,957061150
cLTq8k,1.000000,7676,1000237860,1000237860
buhVjc,1.002736,7364,960731362,958109782
cLTq8k,1.000000,7676,1000237860,1000237860
buhVjc,1.002736,7364,960731362,958109782
cLTq8k,1.000000,7676,1000237860,1000237860
buhVjc,1.002736,7364,960731362,958109782
cLTq8k,1.000000,7676,1000237860,1000237860
buhVjc,1.005472,7374,963352942,958109782
cLTq8k,1.000000,7676,1000237860,1000237860
buhVjc,1.004099,7379,963352942,959420572
cLTq8k,1.000000,7676,1000237860,1000237860
buhVjc,1.005457,7394,965974522,960731362
cLTq8k,1.000000,7676,1000237860,1000237860
buhVjc,1.005457,7394,965974522,960731362
cLTq8k,1.000000,7676,1000237860,1000237860
buhVjc,1.005457,7394,965974522,960731362
cLTq8k,1.000000,7676,1000237860,1000237860
buhVjc,1.005443,7414,968596102,963352942
cLTq8k,1.000000,7676,1000237860,1000237860
buhVjc,1.005443,7414,968596102,963352942
cLTq8k,1.000000,7676,1000237860,1000237860
buhVjc,1.005443,7414,968596102,963352942
cLTq8k,1.000000,7676,1000237860,1000237860
buhVjc,1.005443,7414,968596102,963352942
cLTq8k,1.000000,7676,1000237860,1000237860
buhVjc,1.005443,7414,968596102,963352942
cLTq8k,1.000000,7676,1000237860,1000237860
buhVjc,1.002714,7424,968596102,965974522
cLTq8k,1.000000,7676,1000237860,1000237860
buhVjc,1.005428,7434,971217682,965974522
cLTq8k,1.000000,7676,1000237860,1000237860
buhVjc,1.004882,7436,971217682,966498838
cLTq8k,1.000000,7676,1000237860,1000237860
buhVjc,1.002707,7444,971217682,968596102
cLTq8k,1.000000,7676,1000237860,1000237860
buhVjc,1.005413,7454,973839262,968596102
cLTq8k,1.000000,7676,1000237860,1000237860
buhVjc,1.005413,7454,973839262,968596102
cLTq8k,1.000000,7676,1000237860,1000237860
buhVjc,1.002970,7463,973839262,970955524
cLTq8k,1.000000,7676,1000237860,1000237860
buhVjc,1.002699,7464,973839262,971217682
cLTq8k,1.000000,7676,1000237860,1000237860
buhVjc,1.002692,7484,976460842,973839262
cLTq8k,1.000000,7676,1000237860,1000237860
buhVjc,1.005384,7494,979082422,973839262
cLTq8k,1.000000,7676,1000237860,1000237860
buhVjc,1.005384,7494,979082422,973839262
cLTq8k,1.000000,7676,1000237860,1000237860
buhVjc,1.005384,7494,979082422,973839262
cLTq8k,1.000000,7676,1000237860,1000237860
buhVjc,1.003763,7500,979082422,975412210
cLTq8k,1.000000,7676,1000237860,1000237860
