id,debt_ratio,exchanges,bytes_sent,bytes_received
YZkp92,0.000000,11,0,84730
cLTq8k,0.805713,105,9784576,12143998
YZkp92,0.747487,139,13192630,17649316
cLTq8k,0.900322,212,23678950,26300530
YZkp92,0.916890,252,28922110,31543690
cLTq8k,0.930958,329,38884114,41767852
YZkp92,0.924046,376,44651590,48321802
cLTq8k,0.951058,420,50943382,53564962
YZkp92,0.955421,460,56186542,58808122
cLTq8k,0.987721,507,63264808,64051282
YZkp92,0.967072,559,69294442,71653864
cLTq8k,1.000000,610,77159182,77159182
YZkp92,1.028542,661,85023922,82664500
cLTq8k,0.997137,719,91315714,91577872
YZkp92,1.005357,770,98393980,97869664
cLTq8k,0.969874,806,101277718,104423614
YZkp92,1.000000,858,109666774,109666774
cLTq8k,0.955389,898,112288354,117531514
YZkp92,1.000000,958,122774674,122774674
cLTq8k,0.959044,978,122774674,128017834
YZkp92,0.988424,1052,134309626,135882574
cLTq8k,0.945288,1088,135882574,143747314
YZkp92,0.991202,1153,147679684,148990474
cLTq8k,0.966235,1186,150039106,155282266
YZkp92,0.998364,1243,160001110,160263268
cLTq8k,0.955475,1295,163147006,170749588
YZkp92,0.984902,1336,171011746,173633326
cLTq8k,0.960018,1394,176254906,183595330
YZkp92,0.990241,1449,186216910,188052016
cLTq8k,0.973202,1494,190411438,195654598
YZkp92,1.000000,1534,198276178,198276178
cLTq8k,0.959815,1582,200373442,208762498
YZkp92,1.000000,1614,208762498,208762498
cLTq8k,0.962189,1682,213481342,221870398
YZkp92,0.998820,1715,221870398,222132556
cLTq8k,0.978539,1773,227113558,232094560
YZkp92,0.998878,1803,233405350,233667508
cLTq8k,0.989251,1872,241270090,243891670
YZkp92,0.994711,1907,246513250,247824040
cLTq8k,0.989694,1952,251756410,254377990
YZkp92,0.989902,1992,256999570,259621150
cLTq8k,0.989123,2033,262242730,265126468
YZkp92,0.990294,2072,267485890,270107470
cLTq8k,0.989655,2137,275874946,278758684
YZkp92,0.994446,2176,281642422,283215370
cLTq8k,1.008150,2239,291866584,289507162
YZkp92,0.992059,2279,294750322,297109744
cLTq8k,0.998267,2328,302090746,302615062
YZkp92,1.008589,2360,307858222,305236642
cLTq8k,0.999170,2429,315460804,315722962
YZkp92,1.000000,2450,318344542,318344542
cLTq8k,1.000000,2518,327257914,327257914
YZkp92,1.007152,2547,332238916,329879494
cLTq8k,0.996905,2602,337744234,338792866
YZkp92,1.006115,2646,345084658,342987394
cLTq8k,0.996264,2693,349541344,350852134
YZkp92,1.005192,2725,355308820,353473714
cLTq8k,1.005796,2790,363960034,361862770
YZkp92,0.997855,2815,365795140,366581614
cLTq8k,1.002793,2890,376543618,375494986
YZkp92,0.997246,2922,379689514,380738146
cLTq8k,1.013492,3006,393846046,388602886
YZkp92,1.000000,3046,396467626,396467626
cLTq8k,1.015561,3130,410624158,404332366
YZkp92,0.994291,3165,410886316,413245738
cLTq8k,1.019542,3225,423994216,415867318
YZkp92,0.997521,3244,421896952,422945584
cLTq8k,1.015918,3314,435004852,428188744
YZkp92,1.000000,3334,434218378,434218378
cLTq8k,1.027540,3408,449947858,437888590
YZkp92,1.002364,3410,444704698,443656066
cLTq8k,1.019402,3499,458944850,450210016
YZkp92,1.000000,3494,455191018,455191018
cLTq8k,1.036194,3585,472839224,456323270
YZkp92,0.998303,3573,462615062,463401536
cLTq8k,1.038274,3662,483587702,465760958
YZkp92,0.994477,3652,472052750,474674330
cLTq8k,1.037878,3753,495646970,477558068
YZkp92,0.995665,3724,481752596,483849860
cLTq8k,1.034397,3826,504560342,487782230
YZkp92,0.994654,3772,487782230,490403810
cLTq8k,1.034213,3846,507181922,490403810
YZkp92,0.994683,3792,490403810,493025390
cLTq8k,1.034031,3866,509803502,493025390
YZkp92,0.994683,3792,490403810,493025390
cLTq8k,1.034031,3866,509803502,493025390
YZkp92,0.994683,3792,490403810,493025390
cLTq8k,1.034031,3866,509803502,493025390
YZkp92,0.994683,3792,490403810,493025390
cLTq8k,1.033851,3886,512425082,495646970
YZkp92,0.994711,3812,493025390,495646970
cLTq8k,1.033851,3886,512425082,495646970
YZkp92,0.994711,3812,493025390,495646970
cLTq8k,1.033851,3886,512425082,495646970
YZkp92,0.994711,3812,493025390,495646970
cLTq8k,1.033851,3886,512425082,495646970
YZkp92,0.994711,3812,493025390,495646970
cLTq8k,1.033851,3886,512425082,495646970
YZkp92,0.994711,3812,493025390,495646970
cLTq8k,1.033851,3886,512425082,495646970
YZkp92,0.994711,3812,493025390,495646970
cLTq8k,1.033851,3886,512425082,495646970
YZkp92,0.994711,3812,493025390,495646970
cLTq8k,1.033851,3886,512425082,495646970
YZkp92,0.994711,3812,493025390,495646970
cLTq8k,1.033851,3886,512425082,495646970
YZkp92,1.000000,3822,495646970,495646970
cLTq8k,1.039140,3896,515046662,495646970
YZkp92,0.996837,3828,495646970,497219918
cLTq8k,1.033673,3906,515046662,498268550
YZkp92,0.994739,3832,495646970,498268550
cLTq8k,1.033673,3906,515046662,498268550
YZkp92,0.994739,3832,495646970,498268550
cLTq8k,1.033673,3906,515046662,498268550
YZkp92,0.994739,3832,495646970,498268550
cLTq8k,1.033673,3906,515046662,498268550
YZkp92,0.994739,3832,495646970,498268550
cLTq8k,1.033673,3906,515046662,498268550
YZkp92,0.994739,3832,495646970,498268550
cLTq8k,1.033673,3906,515046662,498268550
YZkp92,0.994739,3832,495646970,498268550
cLTq8k,1.033673,3906,515046662,498268550
YZkp92,0.994739,3832,495646970,498268550
cLTq8k,1.038934,3916,517668242,498268550
YZkp92,1.000000,3842,498268550,498268550
cLTq8k,1.038934,3916,517668242,498268550
YZkp92,0.994766,3852,498268550,500890130
cLTq8k,1.033497,3926,517668242,500890130
YZkp92,0.994766,3852,498268550,500890130
cLTq8k,1.033497,3926,517668242,500890130
YZkp92,0.994766,3852,498268550,500890130
cLTq8k,1.033497,3926,517668242,500890130
YZkp92,0.994766,3852,498268550,500890130
cLTq8k,1.033497,3926,517668242,500890130
YZkp92,0.994766,3852,498268550,500890130
cLTq8k,1.033497,3926,517668242,500890130
YZkp92,0.998953,3860,500365814,500890130
cLTq8k,1.038730,3936,520289822,500890130
YZkp92,1.000000,3862,500890130,500890130
cLTq8k,1.038730,3936,520289822,500890130
YZkp92,1.000000,3862,500890130,500890130
cLTq8k,1.038730,3936,520289822,500890130
YZkp92,1.000000,3862,500890130,500890130
cLTq8k,1.036560,3940,520289822,501938762
YZkp92,0.997911,3866,500890130,501938762
cLTq8k,1.036560,3940,520289822,501938762
YZkp92,0.997911,3866,500890130,501938762
cLTq8k,1.036560,3940,520289822,501938762
YZkp92,1.000000,3870,501938762,501938762
cLTq8k,1.041783,3950,522911402,501938762
YZkp92,1.000000,3870,501938762,501938762
cLTq8k,1.041783,3950,522911402,501938762
YZkp92,1.000000,3870,501938762,501938762
cLTq8k,1.041783,3950,522911402,501938762
YZkp92,1.000000,3870,501938762,501938762
cLTq8k,1.036370,3960,522911402,504560342
YZkp92,0.994804,3880,501938762,504560342
cLTq8k,1.036370,3960,522911402,504560342
YZkp92,0.994804,3880,501938762,504560342
cLTq8k,1.036370,3960,522911402,504560342
YZkp92,0.994804,3880,501938762,504560342
cLTq8k,1.036370,3960,522911402,504560342
YZkp92,0.994804,3880,501938762,504560342
cLTq8k,1.036370,3960,522911402,504560342
YZkp92,1.000000,3890,504560342,504560342
cLTq8k,1.041566,3970,525532982,504560342
YZkp92,1.000000,3890,504560342,504560342
cLTq8k,1.040485,3972,525532982,505084658
YZkp92,0.994831,3900,504560342,507181922
cLTq8k,1.036182,3980,525532982,507181922
YZkp92,1.000000,3930,509803502,509803502
cLTq8k,1.037551,4056,536019302,516619610
YZkp92,1.000000,4030,522911402,522911402
cLTq8k,1.044880,4187,555418994,531562616
YZkp92,0.999027,4148,538116566,538640882
cLTq8k,1.044591,4305,571148474,546767780
YZkp92,0.999048,4240,550175834,550700150
cLTq8k,1.044441,4411,585305006,560399996
YZkp92,0.999535,4337,563021576,563283734
cLTq8k,1.046883,4494,597102116,570362000
YZkp92,1.000000,4408,572459264,572459264
cLTq8k,1.048766,4578,608899226,580586162
YZkp92,0.996855,4485,581634794,583469900
cLTq8k,1.050697,4652,619385546,589499534
YZkp92,0.997344,4552,590548166,592121114
cLTq8k,1.052341,4746,632493446,601034486
YZkp92,0.995208,4621,598937222,601820960
cLTq8k,1.053159,4830,644028398,611520806
YZkp92,0.995304,4715,611258648,614142386
cLTq8k,1.056779,4931,658709246,623317916
YZkp92,0.997894,4785,621220652,622531442
cLTq8k,1.055747,5019,670244198,634852868
YZkp92,0.997519,4872,632493446,634066394
cLTq8k,1.061059,5104,683352098,644028398
YZkp92,0.998779,4951,643241924,644028398
cLTq8k,1.059561,5193,694887050,655825508
YZkp92,0.997595,5024,652417454,653990402
cLTq8k,1.061305,5286,707994950,667098302
YZkp92,0.996052,5096,661330826,663952406
cLTq8k,1.061178,5364,718481270,677060306
YZkp92,0.994167,5169,670244198,674176568
cLTq8k,1.060649,5443,728967590,687284468
YZkp92,0.992339,5242,679157570,684400730
cLTq8k,1.061217,5529,740764700,698032946
YZkp92,0.990191,5316,688070942,694887050
cLTq8k,1.068132,5626,756232022,707994950
YZkp92,0.991080,5398,699081578,705373370
cLTq8k,1.065750,5696,764883236,717694796
YZkp92,0.992298,5473,709305740,714811058
cLTq8k,1.064037,5778,775369556,728705432
YZkp92,0.991708,5565,721102850,727132484
cLTq8k,1.066840,5885,790836878,741289016
YZkp92,0.989379,5660,732637802,740502542
cLTq8k,1.063566,6014,807090674,758853602
YZkp92,0.990219,5738,743124122,750464546
cLTq8k,1.061462,6078,814955414,767766974
YZkp92,0.993138,5850,758853602,764096762
cLTq8k,1.064795,6191,831471368,780874874
YZkp92,0.993247,5944,771175028,776418188
cLTq8k,1.064267,6272,842219846,791361194
YZkp92,0.995998,6026,782972138,786118034
cLTq8k,1.068917,6375,857949326,802633988
YZkp92,0.996053,6110,793982774,797128670
cLTq8k,1.068651,6459,869222120,813382466
YZkp92,0.996102,6186,803944778,807090674
cLTq8k,1.069916,6554,882592178,824917418
YZkp92,0.996155,6270,814955414,818101310
cLTq8k,1.070161,6650,895700078,836976686
YZkp92,0.992714,6331,821509364,827538998
cLTq8k,1.070286,6727,906186398,846676532
YZkp92,0.994670,6403,831733526,836190212
cLTq8k,1.070669,6813,917737450,857162852
YZkp92,0.993813,6486,842219846,847463006
cLTq8k,1.077206,6905,932942614,866076224
YZkp92,0.995407,6557,852181850,856114220
cLTq8k,1.075340,6986,943166776,877086860
YZkp92,0.996067,6639,863192486,866600540
cLTq8k,1.075609,7072,954963886,887835338
YZkp92,0.996406,6706,872105858,875251754
cLTq8k,1.079197,7159,968333944,897273026
YZkp92,0.995860,6790,882854336,886524548
cLTq8k,1.077326,7244,979082422,908807978
YZkp92,0.997661,6872,894389288,896486552
cLTq8k,1.080895,7350,994811902,920359030
YZkp92,0.996261,6981,908021504,911429558
cLTq8k,1.068529,7431,1000237860,936088510
YZkp92,0.994071,7107,922980610,928485928
cLTq8k,1.047984,7501,1000237860,954439570
YZkp92,0.994723,7227,938972248,943953250
cLTq8k,1.027108,7575,1000237860,973839262
YZkp92,0.996169,7340,954439570,958109782
cLTq8k,1.018879,7605,1000237860,981704002
YZkp92,0.996180,7360,957061150,960731362
cLTq8k,1.016166,7615,1000237860,984325582
YZkp92,0.996180,7360,957061150,960731362
cLTq8k,1.016166,7615,1000237860,984325582
YZkp92,0.997271,7364,958109782,960731362
cLTq8k,1.016166,7615,1000237860,984325582
YZkp92,0.997271,7364,958109782,960731362
cLTq8k,1.016166,7615,1000237860,984325582
YZkp92,0.994828,7373,958109782,963090784
cLTq8k,1.013466,7625,1000237860,986947162
YZkp92,0.994557,7374,958109782,963352942
cLTq8k,1.013466,7625,1000237860,986947162
YZkp92,0.994572,7394,960731362,965974522
cLTq8k,1.010782,7635,1000237860,989568742
YZkp92,0.994572,7394,960731362,965974522
cLTq8k,1.010782,7635,1000237860,989568742
YZkp92,0.994572,7394,960731362,965974522
cLTq8k,1.010782,7635,1000237860,989568742
YZkp92,0.994587,7414,963352942,968596102
cLTq8k,1.008111,7645,1000237860,992190322
YZkp92,0.994587,7414,963352942,968596102
cLTq8k,1.008111,7645,1000237860,992190322
YZkp92,0.994587,7414,963352942,968596102
cLTq8k,1.008111,7645,1000237860,992190322
YZkp92,0.994587,7414,963352942,968596102
cLTq8k,1.008111,7645,1000237860,992190322
YZkp92,0.994587,7414,963352942,968596102
cLTq8k,1.008111,7645,1000237860,992190322
YZkp92,0.997293,7424,965974522,968596102
cLTq8k,1.008111,7645,1000237860,992190322
YZkp92,0.996754,7426,965974522,969120418
cLTq8k,1.005454,7655,1000237860,994811902
YZkp92,0.994601,7434,965974522,971217682
cLTq8k,1.005454,7655,1000237860,994811902
YZkp92,0.997301,7444,968596102,971217682
cLTq8k,1.005189,7656,1000237860,995074060
YZkp92,0.994616,7454,968596102,973839262
cLTq8k,1.002812,7665,1000237860,997433482
YZkp92,0.994616,7454,968596102,973839262
cLTq8k,1.002812,7665,1000237860,997433482
YZkp92,0.995154,7456,969120418,973839262
cLTq8k,1.002812,7665,1000237860,997433482
YZkp92,0.997308,7464,971217682,973839262
cLTq8k,1.000707,7673,1000237860,999530746
YZkp92,0.996510,7481,973052788,976460842
cLTq8k,1.000000,7676,1000237860,1000237860
YZkp92,0.994645,7494,973839262,979082422
cLTq8k,1.000000,7676,1000237860,1000237860
YZkp92,0.994645,7494,973839262,979082422
cLTq8k,1.000000,7676,1000237860,1000237860
YZkp92,0.994645,7494,973839262,979082422
cLTq8k,1.000000,7676,1000237860,1000237860
YZkp92,0.994913,7495,974101420,979082422
cLTq8k,1.000000,7676,1000237860,1000237860
