id,debt_ratio,exchanges,bytes_sent,bytes_received
buhVjc,0.000000,0,0,0
YZkp92,2.470299,78,10571050,4279258
buhVjc,1.443757,137,17911474,12406156
YZkp92,1.331903,197,26300530,19746580
buhVjc,1.199356,242,31543690,26300530
YZkp92,1.148325,340,44651590,38884114
buhVjc,1.062374,352,44651590,42030010
YZkp92,1.154382,440,58808122,50943382
buhVjc,1.009420,448,56186542,55662226
YZkp92,1.100271,545,71916022,65362072
buhVjc,1.022699,556,70867390,69294442
YZkp92,1.135905,650,87645502,77159182
buhVjc,1.012726,654,83450974,82402342
YZkp92,1.089512,745,98918296,90791398
buhVjc,1.039736,740,96034558,92364346
YZkp92,1.069943,850,112288354,104947930
buhVjc,1.052854,837,109666774,104161456
YZkp92,1.022305,928,120153094,117531514
buhVjc,1.041066,916,119628778,114909934
YZkp92,1.020067,1028,133260994,130639414
buhVjc,1.061435,1028,135882574,128017834
YZkp92,1.055318,1136,150039106,142174366
buhVjc,1.055318,1136,150039106,142174366
YZkp92,1.033765,1226,160525426,155282266
buhVjc,1.046128,1219,160525426,153447160
YZkp92,1.044281,1314,173109010,165768586
buhVjc,1.047444,1316,173633326,165768586
YZkp92,1.049084,1399,184906120,176254906
buhVjc,1.037555,1432,188314174,181498066
YZkp92,1.044798,1482,195654598,187265542
buhVjc,1.028559,1513,198276178,192770860
YZkp92,1.039148,1584,208762498,200897758
buhVjc,1.038152,1624,214005658,206140918
YZkp92,1.035921,1665,219248818,211646236
buhVjc,1.032400,1715,225540610,218462344
YZkp92,1.026859,1757,230521612,224491978
buhVjc,1.023855,1803,236289088,230783770
YZkp92,1.023325,1843,241532248,236026930
buhVjc,1.021731,1882,246513250,241270090
YZkp92,1.023199,1940,254377990,248610514
buhVjc,1.020612,1982,259621150,254377990
YZkp92,1.000000,2022,262242730,262242730
buhVjc,1.008899,2053,267485890,265126468
YZkp92,1.011535,2114,275874946,272729050
buhVjc,1.009396,2160,281642422,279020842
YZkp92,1.009138,2220,289507162,286885582
buhVjc,1.000000,2250,292128742,292128742
YZkp92,1.006991,2318,302090746,299993482
buhVjc,1.006048,2343,305236642,303401536
YZkp92,1.007599,2399,312839224,310479802
buhVjc,1.004982,2436,317295910,315722962
YZkp92,0.991925,2488,322014754,324636334
buhVjc,1.000000,2518,327257914,327257914
YZkp92,0.992177,2568,332501074,335122654
buhVjc,1.006200,2610,340365814,338268550
YZkp92,0.992472,2668,345608974,348230554
buhVjc,1.007472,2708,353473714,350852134
YZkp92,1.000000,2758,358716874,358716874
buhVjc,1.002166,2795,363960034,363173560
YZkp92,0.997196,2870,372873406,373922038
buhVjc,0.994453,2898,376019302,378116566
YZkp92,1.006746,2996,391224466,388602886
buhVjc,0.986687,3006,388602886,393846046
YZkp92,1.005154,3134,409051210,406953946
buhVjc,0.984677,3130,404332366,410624158
YZkp92,1.000000,3254,423732058,423732058
buhVjc,0.981439,3224,415867318,423732058
YZkp92,1.000000,3374,439461538,439461538
buhVjc,0.984925,3313,428188744,434742694
YZkp92,0.999421,3473,452307280,452569438
buhVjc,0.972568,3401,436839958,449161384
YZkp92,0.997736,3570,462090746,463139378
buhVjc,0.980957,3497,449947858,458682692
YZkp92,0.996697,3668,474674330,476247278
buhVjc,0.966643,3580,456306546,472052750
YZkp92,1.000000,3762,487782230,487782230
buhVjc,0.961970,3652,464188010,482539070
YZkp92,1.000000,3862,500890130,500890130
buhVjc,0.968130,3746,477820226,493549706
YZkp92,1.000512,3949,512425082,512162924
buhVjc,0.969770,3820,487782230,502987394
YZkp92,1.004555,4001,520289822,517930400
buhVjc,0.966919,3846,490403810,507181922
YZkp92,1.000000,4030,522911402,522911402
buhVjc,0.967089,3866,493025390,509803502
YZkp92,1.000000,4030,522911402,522911402
buhVjc,0.967089,3866,493025390,509803502
YZkp92,1.000000,4030,522911402,522911402
buhVjc,0.967089,3866,493025390,509803502
YZkp92,1.004011,4038,525008666,522911402
buhVjc,0.967257,3886,495646970,512425082
YZkp92,1.000000,4050,525532982,525532982
buhVjc,0.967257,3886,495646970,512425082
YZkp92,1.000000,4050,525532982,525532982
buhVjc,0.967257,3886,495646970,512425082
YZkp92,1.000000,4050,525532982,525532982
buhVjc,0.967257,3886,495646970,512425082
YZkp92,1.000000,4050,525532982,525532982
buhVjc,0.967257,3886,495646970,512425082
YZkp92,1.000000,4050,525532982,525532982
buhVjc,0.967257,3886,495646970,512425082
YZkp92,1.000000,4050,525532982,525532982
buhVjc,0.967257,3886,495646970,512425082
YZkp92,1.000000,4050,525532982,525532982
buhVjc,0.967257,3886,495646970,512425082
YZkp92,1.000000,4050,525532982,525532982
buhVjc,0.967257,3886,495646970,512425082
YZkp92,1.000000,4050,525532982,525532982
buhVjc,0.962334,3896,495646970,515046662
YZkp92,1.000000,4050,525532982,525532982
buhVjc,0.967424,3906,498268550,515046662
YZkp92,1.000000,4070,528154562,528154562
buhVjc,0.967424,3906,498268550,515046662
YZkp92,1.000000,4070,528154562,528154562
buhVjc,0.967424,3906,498268550,515046662
YZkp92,1.000000,4070,528154562,528154562
buhVjc,0.967424,3906,498268550,515046662
YZkp92,1.000000,4070,528154562,528154562
buhVjc,0.967424,3906,498268550,515046662
YZkp92,1.000000,4070,528154562,528154562
buhVjc,0.967424,3906,498268550,515046662
YZkp92,1.000000,4070,528154562,528154562
buhVjc,0.967424,3906,498268550,515046662
YZkp92,1.000000,4070,528154562,528154562
buhVjc,0.967424,3906,498268550,515046662
YZkp92,1.000000,4070,528154562,528154562
buhVjc,0.962525,3916,498268550,517668242
YZkp92,1.004964,4080,530776142,528154562
buhVjc,0.967589,3926,500890130,517668242
YZkp92,1.000000,4090,530776142,530776142
buhVjc,0.967589,3926,500890130,517668242
YZkp92,1.000000,4090,530776142,530776142
buhVjc,0.967589,3926,500890130,517668242
YZkp92,1.000000,4090,530776142,530776142
buhVjc,0.967589,3926,500890130,517668242
YZkp92,1.000000,4090,530776142,530776142
buhVjc,0.967589,3926,500890130,517668242
YZkp92,1.000000,4090,530776142,530776142
buhVjc,0.965633,3930,500890130,518716874
YZkp92,1.000000,4090,530776142,530776142
buhVjc,0.962714,3936,500890130,520289822
YZkp92,1.000000,4090,530776142,530776142
buhVjc,0.962714,3936,500890130,520289822
YZkp92,1.000000,4110,533397722,533397722
buhVjc,0.962714,3936,500890130,520289822
YZkp92,1.000000,4110,533397722,533397722
buhVjc,0.964729,3940,501938762,520289822
YZkp92,1.000000,4110,533397722,533397722
buhVjc,0.964729,3940,501938762,520289822
YZkp92,1.000000,4110,533397722,533397722
buhVjc,0.959893,3950,501938762,522911402
YZkp92,1.000000,4110,533397722,533397722
buhVjc,0.959893,3950,501938762,522911402
YZkp92,1.000000,4110,533397722,533397722
buhVjc,0.959893,3950,501938762,522911402
YZkp92,1.000000,4110,533397722,533397722
buhVjc,0.959893,3950,501938762,522911402
YZkp92,1.000000,4110,533397722,533397722
buhVjc,0.964906,3960,504560342,522911402
YZkp92,1.000000,4110,533397722,533397722
buhVjc,0.964906,3960,504560342,522911402
YZkp92,1.000000,4130,536019302,536019302
buhVjc,0.964906,3960,504560342,522911402
YZkp92,1.000000,4130,536019302,536019302
buhVjc,0.964906,3960,504560342,522911402
YZkp92,1.000000,4130,536019302,536019302
buhVjc,0.964906,3960,504560342,522911402
YZkp92,1.000000,4130,536019302,536019302
buhVjc,0.960093,3970,504560342,525532982
YZkp92,1.000000,4150,538640882,538640882
buhVjc,0.965081,3980,507181922,525532982
YZkp92,1.000000,4150,538640882,538640882
buhVjc,0.965254,4000,509803502,528154562
YZkp92,0.996184,4226,547554254,549651518
buhVjc,0.963849,4115,524222192,543884042
YZkp92,0.996291,4346,563283734,565380998
buhVjc,0.958833,4228,537330092,560399996
YZkp92,1.004528,4468,581634794,579013214
buhVjc,0.956337,4342,551224466,576391634
YZkp92,1.002214,4563,593431904,592121114
buhVjc,0.959797,4428,563283734,586877954
YZkp92,1.007821,4662,608112752,603393908
buhVjc,0.956954,4496,571148474,596839958
YZkp92,1.008110,4745,619123388,614142386
buhVjc,0.956797,4570,580586162,606801962
YZkp92,1.004179,4836,629871866,627250286
buhVjc,0.955558,4661,591858956,619385546
YZkp92,1.002861,4941,643241924,641406818
buhVjc,0.951091,4748,601558802,632493446
YZkp92,1.006806,5053,659233562,654776876
buhVjc,0.951756,4855,615453176,646649978
YZkp92,1.007829,5170,674963042,669719882
buhVjc,0.948091,4957,627250286,661592984
YZkp92,1.006534,5261,686497994,682041308
buhVjc,0.946317,5044,637736606,673914410
YZkp92,1.003773,5352,697508630,694887050
buhVjc,0.945245,5121,647174294,684662888
YZkp92,1.009291,5447,711927320,705373370
buhVjc,0.945878,5218,659757878,697508630
YZkp92,1.006930,5543,723724430,718743428
buhVjc,0.942428,5304,669457724,710354372
YZkp92,1.002152,5624,732637802,731064854
buhVjc,0.944013,5388,680730518,721102850
YZkp92,1.003528,5720,745745702,743124122
buhVjc,0.944697,5456,689643890,730016222
YZkp92,1.000000,5810,756232022,756232022
buhVjc,0.942497,5547,700392368,743124122
YZkp92,1.001707,5905,769339922,768029132
buhVjc,0.939681,5636,710616530,756232022
YZkp92,0.999663,5983,778777610,779039768
buhVjc,0.938049,5703,718481270,765931868
YZkp92,1.002990,6069,791361194,789001772
buhVjc,0.939837,5780,728967590,775631714
YZkp92,1.001632,6173,804469094,803158304
buhVjc,0.941423,5907,745745702,792147668
YZkp92,1.002235,6313,823082312,821247206
buhVjc,0.940233,6014,758853602,807090674
YZkp92,1.003152,6396,834355106,831733526
buhVjc,0.942924,6100,770912870,817576994
YZkp92,1.003093,6516,850084586,847463006
buhVjc,0.940781,6202,782972138,832257842
YZkp92,1.003046,6616,863192486,860570906
buhVjc,0.939801,6292,793982774,844841426
YZkp92,1.003006,6704,874727438,872105858
buhVjc,0.938276,6384,804993410,857949326
YZkp92,0.997341,6801,884951600,887311022
buhVjc,0.938209,6471,816004046,869746436
YZkp92,0.995049,6891,895700078,900156764
buhVjc,0.935544,6557,825703892,882592178
YZkp92,0.995978,6988,908807978,912478190
buhVjc,0.934630,6670,839598266,898321658
YZkp92,0.995752,7091,921669820,925602190
buhVjc,0.934807,6748,849560270,908807978
YZkp92,0.995527,7182,933466930,937661458
buhVjc,0.933329,6830,858997958,920359030
YZkp92,0.994476,7266,943953250,949196410
buhVjc,0.929290,6920,868435646,934515562
YZkp92,0.997537,7345,955750360,958109782
buhVjc,0.929461,6992,877611176,944215408
YZkp92,0.997301,7444,968596102,971217682
buhVjc,0.929898,7092,890456918,957585466
YZkp92,0.995206,7536,979606738,984325582
buhVjc,0.929071,7170,899894606,968596102
YZkp92,0.997101,7623,991928164,994811902
buhVjc,0.927081,7259,910118768,981704002
YZkp92,1.000000,7676,1000237860,1000237860
buhVjc,0.927794,7360,922980610,994811902
YZkp92,1.000000,7676,1000237860,1000237860
buhVjc,0.935080,7428,935302036,1000237860
YZkp92,1.000000,7676,1000237860,1000237860
buhVjc,0.954213,7501,954439570,1000237860
YZkp92,1.000000,7676,1000237860,1000237860
buhVjc,0.970987,7565,971217682,1000237860
YZkp92,1.000000,7676,1000237860,1000237860
buhVjc,0.981471,7605,981704002,1000237860
YZkp92,1.000000,7676,1000237860,1000237860
buhVjc,0.984092,7615,984325582,1000237860
YZkp92,1.000000,7676,1000237860,1000237860
buhVjc,0.984092,7615,984325582,1000237860
YZkp92,1.000000,7676,1000237860,1000237860
buhVjc,0.984092,7615,984325582,1000237860
YZkp92,1.000000,7676,1000237860,1000237860
buhVjc,0.984092,7615,984325582,1000237860
YZkp92,1.000000,7676,1000237860,1000237860
buhVjc,0.986712,7625,986947162,1000237860
YZkp92,1.000000,7676,1000237860,1000237860
buhVjc,0.986712,7625,986947162,1000237860
YZkp92,1.000000,7676,1000237860,1000237860
buhVjc,0.989333,7635,989568742,1000237860
YZkp92,1.000000,7676,1000237860,1000237860
buhVjc,0.989333,7635,989568742,1000237860
YZkp92,1.000000,7676,1000237860,1000237860
buhVjc,0.989333,7635,989568742,1000237860
YZkp92,1.000000,7676,1000237860,1000237860
buhVjc,0.991954,7645,992190322,1000237860
YZkp92,1.000000,7676,1000237860,1000237860
buhVjc,0.991954,7645,992190322,1000237860
YZkp92,1.000000,7676,1000237860,1000237860
buhVjc,0.991954,7645,992190322,1000237860
YZkp92,1.000000,7676,1000237860,1000237860
buhVjc,0.991954,7645,992190322,1000237860
YZkp92,1.000000,7676,1000237860,1000237860
buhVjc,0.991954,7645,992190322,1000237860
YZkp92,1.000000,7676,1000237860,1000237860
buhVjc,0.991954,7645,992190322,1000237860
YZkp92,1.000000,7676,1000237860,1000237860
buhVjc,0.991954,7645,992190322,1000237860
YZkp92,1.000000,7676,1000237860,1000237860
buhVjc,0.994575,7655,994811902,1000237860
YZkp92,1.000000,7676,1000237860,1000237860
buhVjc,0.994575,7655,994811902,1000237860
YZkp92,1.000000,7676,1000237860,1000237860
buhVjc,0.997196,7665,997433482,1000237860
YZkp92,1.000000,7676,1000237860,1000237860
buhVjc,0.997196,7665,997433482,1000237860
YZkp92,1.000000,7676,1000237860,1000237860
buhVjc,0.997196,7665,997433482,1000237860
YZkp92,1.000000,7676,1000237860,1000237860
buhVjc,0.998769,7671,999006430,1000237860
YZkp92,1.000000,7676,1000237860,1000237860
buhVjc,0.999817,7675,1000055062,1000237860
YZkp92,1.000000,7676,1000237860,1000237860
buhVjc,1.000000,7676,1000237860,1000237860
YZkp92,1.000000,7676,1000237860,1000237860
buhVjc,1.000000,7676,1000237860,1000237860
YZkp92,1.000000,7676,1000237860,1000237860
buhVjc,1.000000,7676,1000237860,1000237860
YZkp92,1.000000,7676,1000237860,1000237860
buhVjc,1.000000,7676,1000237860,1000237860
YZkp92,1.000000,7676,1000237860,1000237860
