id,debt_ratio,exchanges,bytes_sent,bytes_received
eXkExz,0.000000,0,0,0
PnC32t,1.794828,53,5327890,2968468
eXkExz,1.175359,133,15814210,13454788
PnC32t,1.153211,190,23678950,20533054
eXkExz,1.090643,252,31543690,28922110
PnC32t,1.014253,304,37311166,36786850
eXkExz,0.972874,385,47011012,48321802
PnC32t,1.108505,410,53564962,48321802
eXkExz,0.961591,481,59070280,61429702
PnC32t,1.073075,532,69294442,64575598
eXkExz,0.929658,570,69294442,74537602
PnC32t,1.033976,620,79780762,77159182
eXkExz,0.957359,664,82402342,86072554
PnC32t,1.011617,714,91315714,90267082
eXkExz,0.972850,748,93937294,96558874
PnC32t,1.050222,797,104161456,99180454
eXkExz,0.978939,867,109666774,112026196
PnC32t,1.023347,888,114909934,112288354
eXkExz,0.976562,949,120153094,123036832
PnC32t,1.041813,998,130639414,125396254
eXkExz,1.000000,1058,135882574,135882574
PnC32t,1.028995,1071,139552786,135620416
eXkExz,0.994598,1129,144795946,145582420
PnC32t,1.049793,1174,154757950,147417526
eXkExz,0.983507,1224,156330898,158952478
PnC32t,1.059670,1264,167603692,158166004
eXkExz,0.972741,1324,168390166,173109010
PnC32t,1.061319,1366,181498066,171011746
eXkExz,0.966021,1410,178876486,185168278
PnC32t,1.039868,1454,191460070,184119646
eXkExz,0.970912,1512,192508702,198276178
PnC32t,1.045496,1550,204830128,195916756
eXkExz,0.965274,1606,204043654,211384078
PnC32t,1.031276,1645,216102922,209548972
eXkExz,0.975216,1695,216627238,222132556
PnC32t,1.016542,1728,225540610,221870398
eXkExz,0.977786,1802,230783770,236026930
PnC32t,1.011232,1812,236026930,233405350
eXkExz,0.986219,1895,243891670,247299724
PnC32t,1.002127,1904,247037566,246513250
eXkExz,0.991905,1990,256999570,259096834
PnC32t,1.000000,2002,259621150,259621150
eXkExz,0.987419,2075,267485890,270893944
PnC32t,1.000000,2102,272729050,272729050
eXkExz,0.989855,2179,281380264,284264002
PnC32t,0.994507,2200,284788318,286361266
eXkExz,0.991106,2260,292128742,294750322
PnC32t,0.995611,2295,297371902,298682692
eXkExz,0.989781,2358,304712326,307858222
PnC32t,1.005946,2383,310479802,308644696
eXkExz,0.988509,2444,315722962,319393174
PnC32t,0.998372,2476,321490438,322014754
eXkExz,0.985763,2532,326733598,331452442
PnC32t,1.002371,2555,332501074,331714600
eXkExz,0.992357,2628,340365814,342987394
PnC32t,1.006822,2669,348230554,345871132
eXkExz,0.985384,2738,353473714,358716874
PnC32t,1.000726,2779,361600612,361338454
eXkExz,0.983007,2822,363960034,370251826
PnC32t,1.006372,2855,372611248,370251826
eXkExz,0.991680,2894,374970670,378116566
PnC32t,1.006886,2936,383359726,380738146
eXkExz,0.991347,3013,390437992,393846046
PnC32t,1.000000,3066,399089206,399089206
eXkExz,0.993599,3136,406953946,409575526
PnC32t,0.992473,3198,414818686,417964582
eXkExz,0.992576,3242,420586162,423732058
PnC32t,0.987925,3314,428975218,434218378
eXkExz,0.993999,3344,434218378,436839958
PnC32t,0.987107,3412,441558802,447326278
eXkExz,0.997661,3438,447326278,448374910
PnC32t,0.997519,3508,455191018,456323270
eXkExz,0.999482,3528,457625698,457862770
PnC32t,0.998878,3604,466809590,467333906
eXkExz,0.998889,3640,471528434,472052750
PnC32t,0.994567,3712,479917490,482539070
eXkExz,0.994596,3732,482539070,485160650
PnC32t,0.994711,3812,493025390,495646970
eXkExz,0.989477,3822,493025390,498268550
PnC32t,0.994804,3880,501938762,504560342
eXkExz,0.991245,3907,504560342,509017028
PnC32t,0.995920,3954,511900766,513998030
eXkExz,0.989872,3970,512425082,517668242
PnC32t,0.994987,4020,520289822,522911402
eXkExz,0.985035,4020,517668242,525532982
PnC32t,0.997037,4084,529203194,530776142
eXkExz,0.984288,4082,525532982,533922038
PnC32t,0.995133,4140,536019302,538640882
eXkExz,0.985328,4100,528154562,536019302
PnC32t,1.000000,4150,538640882,538640882
eXkExz,0.986319,4106,529203194,536543618
PnC32t,1.000000,4170,541262462,541262462
eXkExz,0.985399,4120,530776142,538640882
PnC32t,1.000000,4170,541262462,541262462
eXkExz,0.985399,4120,530776142,538640882
PnC32t,1.000000,4170,541262462,541262462
eXkExz,0.985399,4120,530776142,538640882
PnC32t,1.000000,4170,541262462,541262462
eXkExz,0.985399,4120,530776142,538640882
PnC32t,1.000000,4170,541262462,541262462
eXkExz,0.985399,4120,530776142,538640882
PnC32t,1.004843,4180,543884042,541262462
eXkExz,0.980626,4130,530776142,541262462
PnC32t,1.000000,4190,543884042,543884042
eXkExz,0.985470,4140,533397722,541262462
PnC32t,1.000000,4190,543884042,543884042
eXkExz,0.985470,4140,533397722,541262462
PnC32t,1.000000,4190,543884042,543884042
eXkExz,0.985470,4140,533397722,541262462
PnC32t,1.000000,4190,543884042,543884042
eXkExz,0.985470,4140,533397722,541262462
PnC32t,1.000000,4190,543884042,543884042
eXkExz,0.985470,4140,533397722,541262462
PnC32t,1.004820,4200,546505622,543884042
eXkExz,0.985470,4140,533397722,541262462
PnC32t,1.004820,4200,546505622,543884042
eXkExz,0.980720,4150,533397722,543884042
PnC32t,1.004820,4200,546505622,543884042
eXkExz,0.985540,4160,536019302,543884042
PnC32t,1.000000,4210,546505622,546505622
eXkExz,0.985540,4160,536019302,543884042
PnC32t,1.000000,4210,546505622,546505622
eXkExz,0.985540,4160,536019302,543884042
PnC32t,1.000000,4210,546505622,546505622
eXkExz,0.985540,4160,536019302,543884042
PnC32t,1.000000,4210,546505622,546505622
eXkExz,0.985540,4160,536019302,543884042
PnC32t,1.000000,4210,546505622,546505622
eXkExz,0.985540,4160,536019302,543884042
PnC32t,1.000000,4210,546505622,546505622
eXkExz,0.985540,4160,536019302,543884042
PnC32t,1.001919,4214,547554254,546505622
eXkExz,0.985540,4160,536019302,543884042
PnC32t,1.001919,4214,547554254,546505622
eXkExz,0.980812,4170,536019302,546505622
PnC32t,1.000000,4218,547554254,547554254
eXkExz,0.985609,4180,538640882,546505622
PnC32t,1.000000,4218,547554254,547554254
eXkExz,0.985609,4180,538640882,546505622
PnC32t,1.000000,4218,547554254,547554254
eXkExz,0.985609,4180,538640882,546505622
PnC32t,1.000000,4218,547554254,547554254
eXkExz,0.985609,4180,538640882,546505622
PnC32t,1.004788,4228,550175834,547554254
eXkExz,0.985609,4180,538640882,546505622
PnC32t,1.004788,4228,550175834,547554254
eXkExz,0.985609,4180,538640882,546505622
PnC32t,1.004788,4228,550175834,547554254
eXkExz,0.983721,4184,538640882,547554254
PnC32t,1.004788,4228,550175834,547554254
eXkExz,0.983721,4184,538640882,547554254
PnC32t,1.000000,4238,550175834,550175834
eXkExz,0.983721,4184,538640882,547554254
PnC32t,1.000000,4238,550175834,550175834
eXkExz,0.988509,4194,541262462,547554254
PnC32t,1.000000,4238,550175834,550175834
eXkExz,0.988509,4194,541262462,547554254
PnC32t,1.000000,4238,550175834,550175834
eXkExz,0.988509,4194,541262462,547554254
PnC32t,1.000000,4238,550175834,550175834
eXkExz,0.988509,4194,541262462,547554254
PnC32t,1.000000,4238,550175834,550175834
eXkExz,0.984737,4202,541262462,549651518
PnC32t,1.004765,4248,552797414,550175834
eXkExz,0.983799,4204,541262462,550175834
PnC32t,1.000000,4258,552797414,552797414
eXkExz,0.983799,4204,541262462,550175834
PnC32t,1.000000,4258,552797414,552797414
eXkExz,0.983799,4204,541262462,550175834
PnC32t,1.000000,4258,552797414,552797414
eXkExz,0.988564,4214,543884042,550175834
PnC32t,1.000000,4258,552797414,552797414
eXkExz,0.988564,4214,543884042,550175834
PnC32t,1.000000,4258,552797414,552797414
eXkExz,0.988564,4214,543884042,550175834
PnC32t,1.000000,4258,552797414,552797414
eXkExz,0.988564,4214,543884042,550175834
PnC32t,1.000000,4258,552797414,552797414
eXkExz,0.989577,4240,547554254,553321730
PnC32t,1.004654,4348,565905314,563283734
eXkExz,0.989360,4341,560662154,566691788
PnC32t,1.008638,4459,581634794,576653792
eXkExz,0.990496,4439,573770054,579275372
PnC32t,1.011563,4564,596315642,589499534
eXkExz,0.990260,4536,586353638,592121114
PnC32t,1.008724,4646,606277646,601034486
eXkExz,0.989072,4591,593169746,599723696
PnC32t,1.008574,4726,616763966,611520806
eXkExz,0.992681,4669,604442540,608899226
PnC32t,1.010515,4821,629871866,623317916
eXkExz,0.994481,4739,614142386,617550440
PnC32t,1.007442,4896,638785238,634066394
eXkExz,0.996235,4813,624366548,626725970
PnC32t,1.011013,4971,649795874,642717608
eXkExz,0.994656,4893,634328552,637736606
PnC32t,1.016442,5069,664476722,653728244
eXkExz,0.995135,4962,643504082,646649978
PnC32t,1.020193,5143,675487358,662117300
eXkExz,0.992836,5048,653990402,658709246
PnC32t,1.020181,5246,689119574,675487358
eXkExz,0.993732,5130,665001038,669195566
PnC32t,1.022600,5321,699868052,684400730
eXkExz,0.992298,5214,675487358,680730518
PnC32t,1.026409,5412,713238110,694887050
eXkExz,0.989388,5290,684400730,691741154
PnC32t,1.028989,5500,725821694,705373370
eXkExz,0.992511,5362,694887050,700130210
PnC32t,1.030762,5586,737880962,715859690
eXkExz,0.990791,5445,705111212,711665162
PnC32t,1.034050,5656,748367282,723724430
eXkExz,0.989821,5514,713762426,721102850
PnC32t,1.037081,5754,762523814,735259382
eXkExz,0.988204,5603,724773062,733424276
PnC32t,1.040132,5836,774583082,744697070
eXkExz,0.988719,5682,735259382,743648438
PnC32t,1.047758,5915,787953140,752037494
eXkExz,0.987160,5767,745745702,755445548
PnC32t,1.049576,5994,799225934,761475182
eXkExz,0.986660,5849,756232022,766456184
PnC32t,1.055165,6076,812333834,769864238
eXkExz,0.988547,5944,769339922,778253294
PnC32t,1.057513,6194,829111946,784020770
eXkExz,0.983189,6057,781923506,795293564
PnC32t,1.058154,6305,844317110,797915144
eXkExz,0.983120,6150,793982774,807614990
PnC32t,1.060026,6424,861095222,812333834
eXkExz,0.982449,6253,807090674,821509364
PnC32t,1.064884,6501,873416648,820198574
eXkExz,0.982979,6332,817576994,831733526
PnC32t,1.068297,6582,885738074,829111946
eXkExz,0.982258,6409,827276840,842219846
PnC32t,1.072622,6662,898321658,837501002
eXkExz,0.982476,6489,837763160,852706166
PnC32t,1.073156,6757,911429558,849298112
eXkExz,0.981778,6566,847463006,863192486
PnC32t,1.077115,6832,922980610,856900694
eXkExz,0.983767,6640,857949326,872105858
PnC32t,1.081166,6916,936088510,865814066
eXkExz,0.985148,6724,869484278,882592178
PnC32t,1.084581,7019,951555832,877349018
eXkExz,0.987378,6811,881805704,893078498
PnC32t,1.085328,7107,963877258,888097496
eXkExz,0.984636,6887,890456918,904351292
PnC32t,1.084649,7186,974363578,898321658
eXkExz,0.986208,6964,900943238,913542922
PnC32t,1.087999,7281,988782268,908807978
eXkExz,0.988358,7047,912494290,923242768
PnC32t,1.086666,7364,999268588,919572556
eXkExz,0.989328,7128,923504926,933466930
PnC32t,1.071530,7421,1000237860,933466930
eXkExz,0.989229,7247,938972248,949196410
PnC32t,1.053773,7481,1000237860,949196410
eXkExz,0.988295,7349,951817990,963090784
PnC32t,1.038006,7536,1000237860,963615100
eXkExz,0.989290,7474,968596102,979082422
PnC32t,1.018879,7605,1000237860,981704002
eXkExz,0.992094,7604,986947162,994811902
PnC32t,1.000000,7676,1000237860,1000237860
