id,debt_ratio,exchanges,bytes_sent,bytes_received
UTXa2B,0.000000,0,0,0
eXkExz,0.562826,100,7425154,13192630
UTXa2B,0.834226,132,13192630,15814210
eXkExz,0.833781,242,26300530,31543690
UTXa2B,1.000000,262,31543690,31543690
eXkExz,0.875229,352,40457062,46224538
UTXa2B,0.962228,385,46748854,48583960
eXkExz,0.871972,460,53564962,61429702
UTXa2B,0.921915,489,58808122,63789124
eXkExz,0.939356,565,69032284,73488970
UTXa2B,0.959228,598,74013286,77159182
eXkExz,0.938333,650,79780762,85023922
UTXa2B,0.973709,697,87383344,89742766
eXkExz,0.918275,749,91315714,99442612
UTXa2B,0.979292,786,99180454,101277718
eXkExz,0.931557,868,107045194,114909934
UTXa2B,0.979326,883,111764038,114123460
eXkExz,0.935325,949,117531514,125658412
UTXa2B,0.974912,966,122250358,125396254
eXkExz,0.951157,1060,132736678,139552786
UTXa2B,0.965800,1056,133260994,137979838
eXkExz,0.947582,1136,142174366,150039106
UTXa2B,0.958357,1150,144795946,151087738
eXkExz,0.948744,1238,155282266,163671322
UTXa2B,0.952556,1256,157903846,165768586
eXkExz,0.954705,1316,165768586,173633326
UTXa2B,0.953101,1354,170487430,178876486
eXkExz,0.960358,1406,177827854,185168278
UTXa2B,0.965148,1431,181498066,188052016
eXkExz,0.970522,1492,189887122,195654598
UTXa2B,0.963366,1522,193033018,200373442
eXkExz,0.967594,1600,203519338,210335446
UTXa2B,0.981420,1621,207713866,211646236
eXkExz,0.967226,1702,216627238,223967662
UTXa2B,0.976644,1714,219248818,224491978
eXkExz,0.968831,1790,228162190,235502614
UTXa2B,0.997754,1800,232881034,233405350
eXkExz,0.978731,1882,241270090,246513250
UTXa2B,0.997873,1900,245988934,246513250
eXkExz,0.979805,1982,254377990,259621150
UTXa2B,1.007140,1989,258834676,256999570
eXkExz,0.971163,2072,264864310,272729050
UTXa2B,1.000000,2082,270107470,270107470
eXkExz,0.991677,2175,281118106,283477528
UTXa2B,1.008370,2181,284264002,281904580
eXkExz,0.991106,2260,292128742,294750322
UTXa2B,1.004467,2265,294750322,293439532
eXkExz,0.991411,2340,302615062,305236642
UTXa2B,1.003435,2354,306285274,305236642
eXkExz,0.989294,2437,314936488,318344542
UTXa2B,1.000824,2449,318344542,318082384
eXkExz,0.988127,2533,327257914,331190284
UTXa2B,0.992053,2528,327257914,329879494
eXkExz,0.992357,2628,340365814,342987394
UTXa2B,1.000000,2638,342987394,342987394
eXkExz,0.992638,2728,353473714,356095294
UTXa2B,1.006621,2749,358716874,356357452
eXkExz,0.985839,2826,365008666,370251826
UTXa2B,1.000000,2846,370251826,370251826
eXkExz,0.993799,2915,378116566,380475988
UTXa2B,1.000000,2926,380738146,380738146
eXkExz,0.991347,3013,390437992,393846046
UTXa2B,1.006656,3036,396467626,393846046
eXkExz,0.987199,3126,404332366,409575526
UTXa2B,1.006384,3164,413245738,410624158
eXkExz,0.987087,3253,420848320,426353638
UTXa2B,1.018561,3284,431596798,423732058
eXkExz,0.987998,3334,431596798,436839958
UTXa2B,1.018112,3364,442083118,434218378
eXkExz,0.985434,3429,443393908,449947858
UTXa2B,1.011721,3454,452569438,447326278
eXkExz,0.987236,3506,452569438,458420534
UTXa2B,1.004012,3537,459207008,457371902
eXkExz,0.989330,3583,461828588,466809590
UTXa2B,1.006143,3633,472314908,469431170
eXkExz,0.988535,3683,474674330,480179648
UTXa2B,1.005433,3732,485160650,482539070
eXkExz,0.988302,3780,487257914,493025390
UTXa2B,1.009561,3824,498268550,493549706
eXkExz,0.987465,3846,495646970,501938762
UTXa2B,1.009918,3891,507181922,502200920
eXkExz,0.985734,3938,507181922,514522346
UTXa2B,1.007694,3955,515046662,511114292
eXkExz,0.983530,4015,516619610,525270824
UTXa2B,1.004533,4021,522911402,520551980
eXkExz,0.985255,4080,525532982,533397722
UTXa2B,1.004939,4100,533397722,530776142
eXkExz,0.989375,4160,537067934,542835410
UTXa2B,1.000000,4150,538640882,538640882
eXkExz,0.990360,4170,538640882,543884042
UTXa2B,1.000000,4150,538640882,538640882
eXkExz,0.990406,4190,541262462,546505622
UTXa2B,1.000000,4170,541262462,541262462
eXkExz,0.990406,4190,541262462,546505622
UTXa2B,1.000000,4170,541262462,541262462
eXkExz,0.990406,4190,541262462,546505622
UTXa2B,1.000000,4170,541262462,541262462
eXkExz,0.988509,4194,541262462,547554254
UTXa2B,1.000000,4170,541262462,541262462
eXkExz,0.988509,4194,541262462,547554254
UTXa2B,1.000000,4170,541262462,541262462
eXkExz,0.988509,4194,541262462,547554254
UTXa2B,0.995180,4180,541262462,543884042
eXkExz,0.993297,4204,543884042,547554254
UTXa2B,1.000000,4190,543884042,543884042
eXkExz,0.993297,4204,543884042,547554254
UTXa2B,1.000000,4190,543884042,543884042
eXkExz,0.993297,4204,543884042,547554254
UTXa2B,1.000000,4190,543884042,543884042
eXkExz,0.988564,4214,543884042,550175834
UTXa2B,1.000000,4190,543884042,543884042
eXkExz,0.988564,4214,543884042,550175834
UTXa2B,1.000000,4190,543884042,543884042
eXkExz,0.988564,4214,543884042,550175834
UTXa2B,0.995203,4200,543884042,546505622
eXkExz,0.988564,4214,543884042,550175834
UTXa2B,0.995203,4200,543884042,546505622
eXkExz,0.993329,4224,546505622,550175834
UTXa2B,0.995203,4200,543884042,546505622
eXkExz,0.993329,4224,546505622,550175834
UTXa2B,1.000000,4210,546505622,546505622
eXkExz,0.993329,4224,546505622,550175834
UTXa2B,1.000000,4210,546505622,546505622
eXkExz,0.993329,4224,546505622,550175834
UTXa2B,1.000000,4210,546505622,546505622
eXkExz,0.993329,4224,546505622,550175834
UTXa2B,1.000000,4210,546505622,546505622
eXkExz,0.988618,4234,546505622,552797414
UTXa2B,1.000000,4210,546505622,546505622
eXkExz,0.988618,4234,546505622,552797414
UTXa2B,1.000000,4210,546505622,546505622
eXkExz,0.990515,4238,547554254,552797414
UTXa2B,0.998085,4214,546505622,547554254
eXkExz,0.990515,4238,547554254,552797414
UTXa2B,0.998085,4214,546505622,547554254
eXkExz,0.990515,4238,547554254,552797414
UTXa2B,1.000000,4218,547554254,547554254
eXkExz,0.990515,4238,547554254,552797414
UTXa2B,1.000000,4218,547554254,547554254
eXkExz,0.985840,4248,547554254,555418994
UTXa2B,1.000000,4218,547554254,547554254
eXkExz,0.985840,4248,547554254,555418994
UTXa2B,1.000000,4218,547554254,547554254
eXkExz,0.985840,4248,547554254,555418994
UTXa2B,0.995235,4228,547554254,550175834
eXkExz,0.985840,4248,547554254,555418994
UTXa2B,0.995235,4228,547554254,550175834
eXkExz,0.990560,4258,550175834,555418994
UTXa2B,0.995235,4228,547554254,550175834
eXkExz,0.990560,4258,550175834,555418994
UTXa2B,0.998094,4234,549127202,550175834
eXkExz,0.990560,4258,550175834,555418994
UTXa2B,1.000000,4238,550175834,550175834
eXkExz,0.990560,4258,550175834,555418994
UTXa2B,1.000000,4238,550175834,550175834
eXkExz,0.990560,4258,550175834,555418994
UTXa2B,1.000000,4238,550175834,550175834
eXkExz,0.990560,4258,550175834,555418994
UTXa2B,1.000000,4238,550175834,550175834
eXkExz,0.985907,4268,550175834,558040574
UTXa2B,1.000000,4238,550175834,550175834
eXkExz,0.985907,4268,550175834,558040574
UTXa2B,1.000000,4238,550175834,550175834
eXkExz,0.990604,4278,552797414,558040574
UTXa2B,0.995258,4248,550175834,552797414
eXkExz,0.990604,4278,552797414,558040574
UTXa2B,1.000000,4258,552797414,552797414
eXkExz,0.990604,4278,552797414,558040574
UTXa2B,1.000000,4258,552797414,552797414
eXkExz,0.990604,4278,552797414,558040574
UTXa2B,1.000000,4258,552797414,552797414
eXkExz,0.990604,4278,552797414,558040574
UTXa2B,1.000000,4258,552797414,552797414
eXkExz,0.985972,4288,552797414,560662154
UTXa2B,1.000000,4258,552797414,552797414
eXkExz,0.985972,4288,552797414,560662154
UTXa2B,1.000000,4258,552797414,552797414
eXkExz,0.985972,4288,552797414,560662154
UTXa2B,1.000000,4258,552797414,552797414
eXkExz,0.988011,4352,561710786,568526894
UTXa2B,0.999074,4360,565905314,566429630
eXkExz,0.992362,4475,579013214,583469900
UTXa2B,0.991066,4498,581634794,586877954
eXkExz,0.998684,4597,596839958,597626432
UTXa2B,0.986915,4596,593169746,601034486
eXkExz,1.000000,4666,606277646,606277646
UTXa2B,0.994833,4674,605753330,608899226
eXkExz,1.005498,4783,623317916,619909862
UTXa2B,0.991571,4766,616763966,622007126
eXkExz,1.008708,4885,637736606,632231288
UTXa2B,0.991299,4847,627250286,632755604
eXkExz,1.008141,4974,649271558,644028398
UTXa2B,0.990231,4930,637736606,644028398
eXkExz,1.006782,5071,661592984,657136298
UTXa2B,0.988032,5024,649271558,657136298
eXkExz,1.000000,5174,672865778,672865778
UTXa2B,0.985505,5109,659495720,669195566
eXkExz,0.998468,5258,683352098,684400730
UTXa2B,0.982703,5199,670244198,682041308
eXkExz,1.000754,5350,696197840,695673524
UTXa2B,0.979628,5288,680730518,694887050
eXkExz,1.003703,5452,710616530,707994950
UTXa2B,0.977700,5362,689643890,705373370
eXkExz,1.001821,5537,721102850,719792060
UTXa2B,0.973748,5454,700130210,719005586
eXkExz,1.004657,5637,735259382,731851328
UTXa2B,0.974144,5538,711140846,730016222
eXkExz,1.002467,5723,745745702,743910596
UTXa2B,0.967544,5618,719005586,743124122
eXkExz,1.000000,5810,756232022,756232022
UTXa2B,0.965980,5704,729491906,755183390
eXkExz,0.996604,5920,769339922,771961502
UTXa2B,0.965148,5792,740502542,767242658
eXkExz,0.996319,6007,780612716,783496454
UTXa2B,0.958440,5884,749678072,782185664
eXkExz,0.995712,6091,791361194,794769248
UTXa2B,0.954271,5981,760426550,796866512
eXkExz,0.996752,6188,804469094,807090674
UTXa2B,0.950140,6064,769339922,809712254
eXkExz,1.000000,6306,821247206,821247206
UTXa2B,0.948582,6180,783496454,825966050
eXkExz,0.999686,6407,834355106,834617264
UTXa2B,0.948319,6261,793720616,836976686
eXkExz,0.998150,6520,848511638,850084586
UTXa2B,0.946505,6372,807090674,852706166
eXkExz,0.998789,6642,864765434,865814066
UTXa2B,0.942290,6469,817576994,867649172
eXkExz,1.000000,6734,877349018,877349018
UTXa2B,0.936435,6560,826490366,882592178
eXkExz,1.003531,6850,894127130,890981234
UTXa2B,0.932295,6662,837501002,898321658
eXkExz,1.005527,6935,906186398,901205396
UTXa2B,0.930888,6746,847463006,910380926
eXkExz,1.005746,7026,917737450,912494290
UTXa2B,0.932190,6826,857949326,920359030
eXkExz,1.007385,7112,929796718,922980610
UTXa2B,0.926744,6909,865814066,934253404
eXkExz,1.005886,7201,940807354,935302036
UTXa2B,0.923947,7001,876038228,948147778
eXkExz,1.005539,7286,951817990,946574830
UTXa2B,0.922151,7081,885213758,959944888
eXkExz,1.005190,7385,964663732,959682730
UTXa2B,0.921377,7180,897273026,973839262
eXkExz,1.000538,7476,974363578,973839262
UTXa2B,0.921807,7270,908807978,985898530
eXkExz,1.002663,7564,986947162,984325582
UTXa2B,0.919857,7351,917737450,997695640
eXkExz,1.000526,7656,997957798,997433482
UTXa2B,0.932983,7420,933204772,1000237860
eXkExz,1.000000,7676,1000237860,1000237860
UTXa2B,0.947398,7475,947623462,1000237860
eXkExz,1.000000,7676,1000237860,1000237860
UTXa2B,0.963124,7535,963352942,1000237860
eXkExz,1.000000,7676,1000237860,1000237860
UTXa2B,0.981208,7604,981441844,1000237860
eXkExz,1.000000,7676,1000237860,1000237860
UTXa2B,0.999817,7675,1000055062,1000237860
eXkExz,1.000000,7676,1000237860,1000237860
